# Number of parameters = 290 Objective function value = -55199.1  Maximum gradient component = 0.000388918
# M0:
0.180000000000
# Mm:
0.458218296783
# Mf:
0.798833934419
# Mm1:
5.00000000000e-009
# Mf1:
0.0922013922812
# log_betal:
 0.313411886265 0.630315571357
# log_betar:
 -0.615231213546 -0.587933183634
# a_bsfrf:
8.28897797538e-007
# moltp_am:
 0.132714846395 0.0983095023896
# log_moltp_bm:
 4.98745836304 4.95030817129
# n68:
19.9601267784
# log_avg_sel50:
4.92113469667
# sel50_dev:
 0.00000000000 0.00000000000 0.00000000000 0.00000000000 0.00000000000 0.00000000000 0.00000000000 0.00000000000 0.00000000000 0.00000000000 0.00000000000 0.00000000000 0.00000000000 0.00000000000 0.00000000000 0.00000000000 0.00000000000 0.00000000000 0.00000000000 0.00000000000 0.00000000000 0.00000000000 0.00000000000 0.00000000000 0.00000000000 0.00000000000 0.00000000000 0.00000000000 0.00000000000 0.00000000000 0.00000000000 0.00000000000 0.00000000000 0.00000000000 0.00000000000 0.00000000000 0.00000000000 0.00000000000 0.00000000000 0.00000000000 0.00000000000 0.00000000000
# fish_slope:
0.531902334320
# ret_a:
-0.320685557242
# ret_b:
0.00360210022355
# ret_c:
-0.0147285662596
# fish_disc_slope_f:
0.188939334328
# log_fish_disc_sel50_f:
4.43851380071
# fish_disc_sel50_dev_f:
 0.00000000000 0.00000000000 0.00000000000 0.00000000000 0.00000000000 0.00000000000 0.00000000000 0.00000000000 0.00000000000 0.00000000000 0.00000000000 0.00000000000 0.00000000000 0.00000000000 0.00000000000 0.00000000000 0.00000000000 0.00000000000 0.00000000000 0.00000000000 0.00000000000 0.00000000000 0.00000000000 0.00000000000
# fish_disc_slope_t:
0.0596318444274
# log_fish_disc_sel50_t:
5.01733427189
# fish_disc_slope_fi:
0.0469663872477
# log_fish_disc_sel50_fi:
4.87179674570
# fish_disc_sel50_dev_tm:
 0.00000000000 0.00000000000 0.00000000000 0.00000000000 0.00000000000 0.00000000000 0.00000000000 0.00000000000 0.00000000000 0.00000000000 0.00000000000 0.00000000000 0.00000000000 0.00000000000 0.00000000000 0.00000000000 0.00000000000 0.00000000000 0.00000000000 0.00000000000 0.00000000000 0.00000000000 0.00000000000 0.00000000000 0.00000000000 0.00000000000 0.00000000000 0.00000000000 0.00000000000 0.00000000000 0.00000000000 0.00000000000 0.00000000000 0.00000000000 0.00000000000 0.00000000000 0.00000000000 0.00000000000 0.00000000000
# log_srv1_sel50_m:
4.33527135404
# srv1_slope_f:
0.0330578372135
# log_srv1_sel50_f:
4.49517220326
# log_srv2_sel50_m:
4.34643833446
# srv2_slope_f:
0.0696271408028
# log_srv2_sel50_f:
4.47412650545
# log_srv3_sel50_m:
4.36287943521
# srv3_slope_f:
0.0669500032190
# log_srv3_sel50_f:
4.26598823842
# fish_tc_slope_f:
0.379068674868
# log_fish_tc_sel50_f:
4.53276899423
# fish_tc_slope_m:
0.240096193222
# log_fish_tc_sel50_m:
4.57340399431
# log_Ftcm:
 -4.07969567185 -6.05274219583 -6.77087459060 -8.24257928346 -7.38073334045 -6.96889997570
# log_Ftcf:
 -2.88945715650 -4.53457152696 -6.41779724714 -7.70947525984 -7.56366123854 -6.53086802456
# qm2y:
3.21217691471
# qm3:
1.00000000000
# mean_log_rec:
15.8122143217
# rec_devf:
 -0.0201737003719 0.520353022500 0.453151447535 0.719258467443 0.216615996142 0.0751453162318 0.0870476571875 0.0136591048876 0.456932973784 0.134891814565 0.582081401164 -0.0464882296826 0.308582517022 0.109878092541 -0.0195006769861 -0.0607865899528 -0.547481853326 -0.252519943108 -0.410945372104 0.0342598822114 -0.815493161949 -0.887820613388 -0.310033683906 0.0792766486259 -0.0971244017395 0.674979156790 0.226457448059 -0.0435834751252 -0.202366561739 0.341492948453 -0.726699930826 -0.273402958266 0.142892422506 0.285665574986 0.0267858978353 0.141901005595 -0.0627928808021 -0.585920291571 -0.162923671015 -0.127692807566 0.0224420073597
# rec_devm:
 0.815367888332 0.677325832877 0.883476417175 1.16025755996 1.35786552057 0.543417578490 2.12870846266 1.45658666516 1.48870065527 -0.627873452108 0.731523944306 -0.150963468350 -0.848498008724 -0.706592933114 0.437015512459 -0.0228563850127 -1.76793285870 -0.254782620830 -2.12285445496 1.31531478821 -0.497266047900 -1.37953972239 -0.111442956581 0.720377348612 -0.222440036695 -0.886382353051 1.16774335772 -0.584173639681 0.152465601485 1.07557087919 0.469889222511 -0.0968095438797 -0.559038343526 -0.540759464580 0.0557850749720 -0.0208919124089 -0.331750723939 -0.513765093515 -1.82437722226 -0.983910665363 -1.58249040239
# log_avg_fmort:
-1.91525651005
# fmort_dev:
 1.15018079038 1.10482957290 1.07197918503 1.26569551786 1.52340725072 2.31956114864 2.42796759860 0.598031184297 -10.1892296033 0.937016457680 1.05153302961 1.61150063317 1.22363276876 0.245920764068 0.328731294633 0.933849371091 0.920338437099 0.405592413025 1.06357054878 -4.08451183558 -4.44134393717 0.102019526012 0.212802045782 0.913907770420 0.466938109367 0.0871266406529 0.102771239467 0.204320267713 0.726271890172 0.585926625870 1.00980371158 0.725527722853 1.04913618632 1.14522022154 0.847236677374 0.700432994276 0.0170996102817 -0.0924271611177 0.0837043677941 0.322429837664 0.276485028033 -10.9549859024
# factor_fmortdf:
0.0113108063726
# fmortdf_dev:
 1.99993329735 -0.135879605788 2.16530471284 2.03834856827 1.41931476927 1.55004398568 -3.64674869761 -0.996878830494 2.06488058804 -2.06757185944 -0.258845126881 1.10883950117 -2.22335281093 1.18595901575 0.388544350666 0.905991594480 -1.50397643844 -0.280680216856 -0.602760517952 -0.832770229845 -0.290028425547 -1.21491074352 -1.75346865219 0.187782239499 -0.139220207280 0.932705191347 -0.000555451578817
# fmortdm_dev:
 0.00000000000 0.00000000000 0.00000000000 0.00000000000 0.00000000000 0.00000000000 0.00000000000 0.00000000000 0.00000000000 0.00000000000 0.00000000000 0.00000000000 0.00000000000 0.00000000000 0.00000000000 0.00000000000 0.00000000000 0.00000000000 0.00000000000 0.00000000000 0.00000000000 0.00000000000 0.00000000000 0.00000000000 0.00000000000 0.00000000000 0.00000000000
# log_avg_fmortt:
-5.20901264049
# fmortt_dev:
 0.296575030047 0.799569803818 0.783122339336 0.812664708204 0.848035338715 0.477943371751 2.26636136995 2.12767661536 3.07694473320 2.03661210135 0.962420261089 0.643959717359 1.59969848542 0.162161779254 0.436341141089 0.772732991812 0.955172997567 1.23528304999 -0.231227495751 0.376626569917 -0.350775865472 -0.727843238572 0.00780053075905 0.240142612972 -0.526693083532 -0.0888028948904 -0.186299510754 -0.123715021477 -0.464730176110 -0.230383036853 -0.509985024545 -0.395263334668 -0.254682619090 -0.786497915089 -0.958331749853 -1.34983793338 -1.87980277916 -1.18875819484 -1.80535335154 -1.55965225874 -7.29921006465
# log_avg_fmortf:
-8.49999999314
# fmortf_dev:
 -0.704762952432 -1.59198788479 -0.0597781066824 0.470170781847 1.58195380711 2.37461609798 2.00296970056 -4.07318144360
# first_males:
 0.00000000000 0.00000000000 0.00000000000 0.00000000000 0.00000000000 0.00000000000 0.00000000000 0.00000000000 0.00000000000 0.00000000000 0.00000000000 0.00000000000 0.00000000000 0.00000000000 0.00000000000 0.00000000000 0.00000000000 0.00000000000 0.00000000000 0.00000000000
# first_females:
 0.00000000000 0.00000000000 0.00000000000 0.00000000000 0.00000000000 0.00000000000 0.00000000000 0.00000000000 0.00000000000 0.00000000000 0.00000000000 0.00000000000 0.00000000000 0.00000000000 0.00000000000 0.00000000000
# f_year:
 1.15361572094 1.18804489774 0.531453590631 0.613926715539 0.430938463494 0.243049966120 0.251921574903 0.0419499625731 0.120192388415 0.251719236568 0.0500311712075 0.0847531366824 -0.00374939063791 -0.0254650719270 -0.146247258453 -0.287528297454 -0.478615252181 -0.825915423957 -1.37929339254 -1.42595125483 1.61132355890 1.51443294247 1.47817723297 1.31385464767 1.26470427608 0.810902044958 0.444815323818 0.154630634098 0.00266149054923 -0.230216124556 -0.820208904969 -0.920143769424 -1.20749115339 -2.13609112955 -2.16593192576
# hg1:
0.278500000000
# hg2:
0.0440000000000
# hg3:
0.0197000000000
# hg4:
0.0198750000000
# hg5:
0.0327500000000
# hg6:
0.0153200000000
# hg7:
0.0112500000000
# hg8:
0.0240450000000
# hg9:
0.0632000000000
# hg10:
0.160500000000
# hg11:
0.0709500000000
