#Bristol Bay red king crab model
#start year and end year
1975 2016
#number of initial recruitments to be estimated
9
# nlen number of length bins for males and females in the model and length interval
20  16  7 5.0 65.0
#number of years of retained fishery data
38
#years when have fishery data these years are the survey years (fishery year-1)
 1975 1976 1977 1978 1979 1980 1981 1982 1984 1985 1986 1987 1988 1989 1990 1991 1992 1993 1996 1997 1998 1999 2000 2001 2002 2003 2004 2005 2006 2007 2008 2009 2010 2011 2012 2013 2014 2015
#nsamples weight for retained fishery length comps needmatrix each year and new, old shell - last three years
# 400  400  400  400  400  400  400  400  400  400  400  400  400  400  400  400  400  400  400  400  400  400  400  400  400  400  400  400  400  400  400  400  400  400 400  400  400   400  400  400 400
  100  100  100  100  100  100  100  100  100  100  100  100  100  100  100  100  100  100  100  100  100  100  100  100  100  100  100 100  100  100   100  100  100  100  100  100 100   100
#number of years of fishery female discard catch data
24
#years when have fishery female discard data
1990 1991 1992 1993 1996 1997 1998 1999 2000 2001 2002 2003 2004 2005 2006 2007 2008 2009 2010 2011 2012 2013 2014 2015
#nsamples weight for female length comps each year
# 100  100  100  100  100  100  100  100  100  100  100  100  100  100  100 100  100 100  100  100  100
  50   50   50   50   50   50   50   50   50   50   50   50   50  50   50   50   50   50   50   50   50   50   50   50
#number of years of fishery male discard catch data
24
#years when have fishery male discard data
1990 1991 1992 1993 1996 1997 1998 1999 2000 2001 2002 2003 2004 2005 2006 2007 2008 2009 2010 2011 2012 2013 2014 2015
#nsamples weight for male length comps
 100  100  100  100  100  100  100  100  100  100  100  100  100 100  100  100  100  100  100  100  100  100  100  100
#  50   50   50   50   50   50   50   50   50   50   50   50   50  50   50   50   50  50   50   50   50
#number of years of trawl discard length data
39
# years when have trawl bycatch length data
 1976 1977 1978 1979 1980 1981 1982 1983 1984 1985 1986 1987 1988 1989 1990 1991 1992 1994 1995 1996 1997 1998 1999 2000 2001 2002 2003 2004 2005 2006 2007 2008 2009 2010 2011 2012 2013 2014 2015
#sample sizes trawl length data by sex
#100  100  100  100  100  100  100  100  100  100  100  100  100  100  100  100  100  100  100  100  100  100  100  100  100   100  100  100  100  100  100  100 100  100  100  100  100
#100  100  100  100  100  100  100  100  100  100  100  100  100  100  100  100  100  100  100  100  100  100  100  100  100   100  100  100  100  100  100  100 100  100  100  100  100
 50   50   50   50   50   50   50   50   50   50   50   50   50   50   50   50   50   50   50   50   50   50   50   50   50    50   50   50   50   50   50   50   50   50   50   50   50   50   50
 50   50   50   50   50   50   50   50   50   50   50   50   50   50   50   50   50   50   50   50   50   50   50   50   50    50   50   50   50   50   50   50   50   50   50   50   50   50   50
#number of years of fixed gear discard length data
7
# years when have fixed gear bycatch length data
 2009 2010 2011 2012 2013 2014 2015
#sample sizes fixed gear length data by sex
   50   50   50   50   50   50   50
   50   50   50   50   50   50   50
#number of years of survey data
42
#years when have survey data
 1975 1976 1977 1978 1979 1980 1981 1982 1983 1984 1985 1986 1987 1988 1989 1990 1991 1992 1993 1994 1995 1996 1997 1998 1999 2000 2001 2002 2003 2004 2005 2006 2007 2008 2009 2010 2011 2012 2013 2014 2015 2016
#number of samples for each length comp by sex
 200  200  200  200  200  200  200  200  200  200  200  200  200  200  200  200  200  200  200  200  200  200  200  200  200  200  200  200  200  200  200 200   200  200  200  200  200  200  200  200  200  200
 200  200  200  200  200  200  200  200  200  200  200  200  200  200  200  200  200  200  200  200  200  200  200  200  200  200  200  200  200  200  200 200   200  200  200  200  200  200  200  200  200  200
#length proportions of survey females (year*width 67.5-162.5)
 0.03310 0.04013 0.04814 0.04942 0.05635 0.04386 0.04444 0.04537 0.03261 0.02886 0.01624 0.01581 0.01159 0.00351 0.00290 0.00337  0.0000  0.0000  0.0000  0.0000
 0.00292 0.00922 0.03134 0.05633 0.06880 0.06279 0.04944 0.02692 0.01213 0.01368 0.00663 0.00490 0.00231 0.00151 0.00028 0.00109  0.0000  0.0000  0.0000  0.0000
 0.00256 0.00677 0.00793 0.01932 0.03367 0.07011 0.08076 0.07146 0.04525 0.04354 0.04150 0.03157 0.01510 0.01004 0.00328 0.00458  0.0000  0.0000  0.0000  0.0000
 0.00604 0.01110 0.01868 0.02009 0.02330 0.04183 0.09199 0.12124 0.07912 0.04404 0.03010 0.02673 0.01757 0.00889 0.00446 0.00745  0.0000  0.0000  0.0000  0.0000
 0.02855 0.01536 0.01209 0.01473 0.01478 0.02297 0.03813 0.07340 0.09219 0.08763 0.05650 0.03363 0.02145 0.01228 0.00425 0.00571  0.0000  0.0000  0.0000  0.0000
 0.00479 0.02191 0.03221 0.02922 0.05972 0.08196 0.04872 0.05811 0.05400 0.04236 0.03153 0.01303 0.01096 0.00587 0.00348 0.00201  0.0000  0.0000  0.0000  0.0000
 0.01521 0.01126 0.01507 0.01897 0.03662 0.04562 0.04427 0.04722 0.05995 0.07744 0.08035 0.05095 0.02524 0.01431 0.00280 0.00415  0.0000  0.0000  0.0000  0.0000
 0.05357 0.09537 0.06029 0.03784 0.04226 0.04818 0.03978 0.02321 0.01896 0.02571 0.02813 0.02027 0.01141 0.00625 0.00238 0.00086  0.0000  0.0000  0.0000  0.0000
 0.01741 0.03830 0.04749 0.06292 0.06466 0.03981 0.03406 0.01518 0.01068 0.00422 0.00904 0.00563 0.00605 0.00222 0.00129 0.00000  0.0000  0.0000  0.0000  0.0000
 0.01741 0.05854 0.12291 0.11051 0.06465 0.03249 0.01589 0.01191 0.00379 0.00166 0.00000 0.00041 0.00010 0.00020 0.00009 0.00000  0.0000  0.0000  0.0000  0.0000
 0.00086 0.01548 0.03765 0.05212 0.06430 0.05553 0.05156 0.03973 0.01606 0.00681 0.00000 0.00000 0.00149 0.00000 0.00000 0.00000  0.0000  0.0000  0.0000  0.0000
 0.01237 0.02244 0.03547 0.02742 0.02628 0.03133 0.03617 0.03878 0.02740 0.01125 0.00715 0.00079 0.00000 0.00000 0.00076 0.00000  0.0000  0.0000  0.0000  0.0000
 0.00132 0.01236 0.05250 0.09184 0.07610 0.04624 0.04448 0.05692 0.04138 0.02915 0.01788 0.00791 0.00183 0.00041 0.00000 0.00000  0.0000  0.0000  0.0000  0.0000
 0.00059 0.00764 0.00644 0.00617 0.01394 0.06945 0.09103 0.09785 0.06971 0.06000 0.04068 0.01837 0.00770 0.00766 0.00000 0.00000  0.0000  0.0000  0.0000  0.0000
 0.00165 0.00000 0.00171 0.00818 0.03103 0.07404 0.06458 0.06919 0.05312 0.03764 0.03146 0.01943 0.00643 0.00413 0.00000 0.00000  0.0000  0.0000  0.0000  0.0000
 0.00405 0.00521 0.02352 0.05130 0.05251 0.00709 0.02560 0.06012 0.07320 0.07080 0.06333 0.04095 0.02151 0.00616 0.00369 0.00370  0.0000  0.0000  0.0000  0.0000
 0.00415 0.01150 0.01956 0.03195 0.02180 0.03443 0.03426 0.03095 0.03663 0.03294 0.02808 0.04310 0.02323 0.01104 0.00689 0.00269  0.0000  0.0000  0.0000  0.0000
 0.00000 0.00534 0.00737 0.01974 0.03642 0.04139 0.06251 0.04481 0.03529 0.02733 0.04503 0.04068 0.02651 0.02118 0.01619 0.01224  0.0000  0.0000  0.0000  0.0000
 0.00655 0.00800 0.01751 0.00849 0.01309 0.02482 0.04371 0.06474 0.06388 0.02686 0.02996 0.02676 0.02709 0.04448 0.01754 0.02194  0.0000  0.0000  0.0000  0.0000
 0.00000 0.00160 0.00443 0.00296 0.01685 0.00917 0.01240 0.02131 0.04312 0.04160 0.03619 0.02802 0.03953 0.04689 0.02916 0.03206  0.0000  0.0000  0.0000  0.0000
 0.02942 0.04821 0.03155 0.01453 0.01391 0.01824 0.01628 0.02535 0.02343 0.03343 0.02724 0.02335 0.02398 0.01450 0.02031 0.01547  0.0000  0.0000  0.0000  0.0000
 0.02595 0.02186 0.04362 0.07940 0.07958 0.04357 0.02255 0.02176 0.02451 0.02017 0.01611 0.02847 0.02443 0.01563 0.00871 0.02361  0.0000  0.0000  0.0000  0.0000
 0.00043 0.00367 0.00162 0.00201 0.01460 0.07907 0.09694 0.06164 0.02119 0.01367 0.00948 0.01455 0.01427 0.01092 0.00836 0.02077  0.0000  0.0000  0.0000  0.0000
 0.01450 0.01960 0.01006 0.00876 0.01105 0.01161 0.03029 0.10399 0.11530 0.05939 0.03029 0.02522 0.02250 0.02353 0.02319 0.03361  0.0000  0.0000  0.0000  0.0000
 0.02426 0.01691 0.01250 0.01148 0.00435 0.00547 0.00925 0.01640 0.05117 0.07996 0.05828 0.03579 0.03397 0.01988 0.01227 0.02683  0.0000  0.0000  0.0000  0.0000
 0.00175 0.00672 0.02685 0.04027 0.03573 0.02718 0.02545 0.02263 0.03583 0.05235 0.06757 0.06028 0.04188 0.02084 0.01670 0.04334  0.0000  0.0000  0.0000  0.0000
 0.00560 0.01683 0.01951 0.01361 0.02585 0.05984 0.07787 0.05792 0.03945 0.03981 0.02909 0.06914 0.05600 0.02621 0.01028 0.02048  0.0000  0.0000  0.0000  0.0000
 0.05063 0.07685 0.04852 0.02466 0.02215 0.01761 0.02247 0.05199 0.03990 0.02964 0.01630 0.02059 0.02046 0.02206 0.00712 0.01360  0.0000  0.0000  0.0000  0.0000
 0.01634 0.00586 0.01433 0.03142 0.04137 0.04644 0.02385 0.02915 0.03511 0.05333 0.05263 0.03560 0.02189 0.02647 0.02196 0.03492  0.0000  0.0000  0.0000  0.0000
 0.02787 0.03270 0.01935 0.01322 0.01994 0.03692 0.05771 0.05139 0.03339 0.02035 0.01956 0.02320 0.01836 0.01662 0.01266 0.02251  0.0000  0.0000  0.0000  0.0000
 0.04054 0.05610 0.04573 0.01155 0.00988 0.03360 0.03861 0.05206 0.05668 0.04675 0.03355 0.03825 0.03468 0.02272 0.01648 0.02455  0.0000  0.0000  0.0000  0.0000
 0.01429 0.01386 0.01981 0.04248 0.06153 0.04621 0.02542 0.02591 0.04811 0.06555 0.06186 0.04148 0.03012 0.03520 0.01666 0.01864  0.0000  0.0000  0.0000  0.0000
 0.00152 0.00227 0.00641 0.00782 0.01546 0.03563 0.05737 0.05603 0.03250 0.05699 0.06137 0.06413 0.04591 0.03429 0.02104 0.03230  0.0000  0.0000  0.0000  0.0000
 0.00000 0.00267 0.00538 0.01359 0.01158 0.01666 0.03027 0.05696 0.07237 0.05603 0.05546 0.05617 0.05754 0.03547 0.02343 0.02157  0.0000  0.0000  0.0000  0.0000
 0.00046 0.00189 0.00503 0.00549 0.00814 0.01218 0.02057 0.04661 0.06559 0.08662 0.06446 0.06028 0.05226 0.07050 0.05137 0.04697  0.0000  0.0000  0.0000  0.0000
 0.00184 0.00058 0.00373 0.00480 0.00685 0.01163 0.02131 0.03645 0.05649 0.09270 0.09548 0.07004 0.05089 0.04970 0.05075 0.05452  0.0000  0.0000  0.0000  0.0000
 0.00577 0.00845 0.00920 0.01412 0.02842 0.03104 0.03835 0.04841 0.02992 0.05300 0.06374 0.09051 0.06345 0.05714 0.04303 0.07095  0.0000  0.0000  0.0000  0.0000
 0.02925 0.01803 0.01910 0.02495 0.02805 0.04611 0.03514 0.02198 0.03313 0.03551 0.03653 0.04609 0.06625 0.05206 0.04621 0.06328  0.0000  0.0000  0.0000  0.0000
 0.00081 0.00269 0.00929 0.01117 0.00669 0.01248 0.02018 0.03841 0.04287 0.04496 0.03041 0.03016 0.04553 0.04914 0.04049 0.07861  0.0000  0.0000  0.0000  0.0000
 0.00000 0.00000 0.00122 0.00395 0.00909 0.02582 0.02188 0.03196 0.04992 0.07704 0.05691 0.04559 0.03070 0.03987 0.05160 0.08590  0.0000  0.0000  0.0000  0.0000
 0.00736 0.01285 0.01098 0.00549 0.01195 0.01136 0.01067 0.02344 0.04079 0.04609 0.06164 0.06684 0.05313 0.05034 0.03618 0.08192  0.0000  0.0000  0.0000  0.0000
 0.01201 0.00186 0.00358 0.00425 0.00258 0.00511 0.01429 0.01409 0.03897 0.07143 0.07817 0.10231 0.07368 0.08230 0.06165 0.11576  0.0000  0.0000  0.0000  0.0000
#length proportions of survey newshell males (year*width 67.5-162.5)
 0.02220 0.04098 0.02989 0.03762 0.03420 0.02982 0.03088 0.02358 0.02568 0.02963 0.02577 0.02759 0.02772 0.02575 0.02217 0.02282 0.01616 0.01109 0.00758 0.01038
 0.00254 0.01272 0.02684 0.05025 0.06211 0.05223 0.05591 0.04486 0.03839 0.03213 0.03917 0.04085 0.03463 0.03447 0.02960 0.01955 0.02032 0.01068 0.00547 0.00613
 0.00401 0.00427 0.00653 0.01018 0.01985 0.03719 0.04458 0.04387 0.04068 0.04411 0.03970 0.03848 0.02859 0.03019 0.02921 0.02272 0.01475 0.01049 0.00678 0.00897
 0.00415 0.01140 0.01313 0.02219 0.01618 0.01530 0.01530 0.02585 0.02749 0.02793 0.02832 0.02738 0.02486 0.02939 0.02987 0.02505 0.02385 0.01579 0.00971 0.00754
 0.01999 0.01382 0.00929 0.01149 0.01291 0.01522 0.01338 0.01501 0.01575 0.01523 0.02268 0.03047 0.03036 0.03909 0.03536 0.03387 0.02822 0.02550 0.01212 0.01919
 0.00673 0.01333 0.03737 0.02873 0.02951 0.02921 0.02624 0.02622 0.02244 0.01900 0.02044 0.01585 0.02210 0.02394 0.02464 0.03517 0.02494 0.02389 0.02059 0.03174
 0.01557 0.01131 0.01706 0.02395 0.03517 0.03505 0.03211 0.03314 0.02652 0.02944 0.01996 0.02010 0.01216 0.00987 0.00787 0.00590 0.00341 0.00321 0.00156 0.00559
 0.07924 0.08112 0.06821 0.02812 0.02304 0.03021 0.03407 0.02807 0.01868 0.01581 0.01810 0.01276 0.00951 0.00694 0.00436 0.00340 0.00225 0.00053 0.00041 0.00082
 0.03252 0.03556 0.04970 0.06649 0.07859 0.07774 0.05640 0.04214 0.03589 0.03403 0.02293 0.02137 0.01351 0.00898 0.00777 0.00183 0.00084 0.00000 0.00000 0.00000
 0.01605 0.06249 0.12275 0.13260 0.06800 0.03869 0.01996 0.01980 0.02015 0.01213 0.01082 0.00665 0.00515 0.00372 0.00412 0.00150 0.00078 0.00050 0.00010 0.00021
 0.00261 0.01279 0.02442 0.03954 0.05890 0.05817 0.04235 0.04026 0.05909 0.06049 0.05132 0.05049 0.04397 0.04183 0.02443 0.02289 0.00176 0.00319 0.00415 0.00000
 0.01118 0.01788 0.02480 0.02010 0.02318 0.01475 0.03917 0.04000 0.05364 0.04764 0.06284 0.06696 0.05865 0.06369 0.04877 0.03519 0.02325 0.00733 0.00143 0.00072
 0.00124 0.00707 0.03402 0.05458 0.04655 0.03132 0.02904 0.02870 0.03014 0.02417 0.03078 0.02346 0.02945 0.02348 0.02036 0.01734 0.01395 0.01290 0.00343 0.00235
 0.00132 0.00131 0.00661 0.01098 0.01125 0.02154 0.04687 0.04304 0.04045 0.03737 0.02539 0.02795 0.01529 0.02859 0.02355 0.03447 0.02534 0.01886 0.00944 0.00791
 0.00165 0.00000 0.00000 0.00240 0.01493 0.03477 0.01836 0.03685 0.02164 0.03568 0.02722 0.02453 0.03689 0.04287 0.02895 0.03215 0.02378 0.02140 0.01339 0.02025
 0.00127 0.01061 0.01509 0.03475 0.03225 0.00938 0.00728 0.00772 0.01541 0.02487 0.01943 0.02112 0.02324 0.02465 0.01802 0.01978 0.01668 0.01177 0.01074 0.02006
 0.00105 0.00895 0.02176 0.01615 0.02540 0.01994 0.01138 0.02340 0.02054 0.01197 0.00310 0.01634 0.02845 0.03099 0.04372 0.05169 0.05242 0.03847 0.03010 0.06359
 0.00100 0.00000 0.00202 0.01106 0.02520 0.03333 0.05097 0.04886 0.03395 0.03348 0.02591 0.03451 0.02322 0.01460 0.01108 0.01594 0.01162 0.01399 0.01176 0.02854
 0.00209 0.01099 0.01297 0.00911 0.00808 0.01364 0.01072 0.01927 0.01948 0.03209 0.02151 0.03710 0.01721 0.01368 0.00735 0.00657 0.00600 0.00845 0.00580 0.00723
 0.00162 0.00000 0.00309 0.02093 0.01757 0.01239 0.01098 0.01082 0.01688 0.03227 0.03069 0.02792 0.03848 0.05112 0.02013 0.02458 0.02607 0.01992 0.01064 0.01519
 0.02826 0.06829 0.05574 0.02203 0.01101 0.01592 0.02133 0.02355 0.02568 0.02873 0.02066 0.02201 0.02408 0.02322 0.03500 0.02166 0.01749 0.01473 0.00622 0.01125
 0.02719 0.01292 0.02918 0.05291 0.06042 0.05874 0.02691 0.01981 0.01098 0.01462 0.01337 0.01035 0.00912 0.00319 0.00622 0.00716 0.00659 0.00938 0.01110 0.01276
 0.00000 0.00357 0.00221 0.00519 0.01270 0.05636 0.09427 0.10657 0.09022 0.05071 0.02796 0.01360 0.01212 0.00935 0.01131 0.01348 0.01555 0.01030 0.00979 0.02598
 0.02085 0.01739 0.01031 0.01272 0.01200 0.01014 0.01345 0.01472 0.02013 0.04373 0.04263 0.03912 0.03466 0.01846 0.00647 0.00737 0.00442 0.00290 0.00124 0.00345
 0.05828 0.02442 0.01336 0.01038 0.01196 0.01037 0.00964 0.01226 0.00326 0.00664 0.01251 0.02201 0.04149 0.03947 0.05436 0.05616 0.02916 0.01965 0.01073 0.01136
 0.00176 0.00474 0.01949 0.03958 0.03102 0.01998 0.02277 0.01630 0.01893 0.01407 0.01102 0.02083 0.01301 0.02079 0.01388 0.01112 0.01150 0.00857 0.00428 0.00672
 0.00689 0.00496 0.01061 0.01490 0.01560 0.04136 0.03572 0.05159 0.03394 0.01999 0.02186 0.01320 0.00984 0.01222 0.00775 0.00551 0.01066 0.01006 0.01014 0.01240
 0.05335 0.06381 0.04360 0.02682 0.01193 0.00793 0.00606 0.00736 0.01535 0.01781 0.02124 0.02041 0.01045 0.00875 0.00999 0.00631 0.00525 0.00883 0.00623 0.00503
 0.01486 0.00685 0.01419 0.02326 0.03920 0.03168 0.02935 0.01609 0.00949 0.01287 0.01184 0.02172 0.01998 0.03252 0.02623 0.02944 0.01867 0.01501 0.01465 0.05111
 0.03708 0.02890 0.02678 0.01954 0.01866 0.01817 0.03415 0.05323 0.04334 0.04420 0.02930 0.02355 0.01419 0.01475 0.01494 0.02023 0.02084 0.02874 0.01998 0.03648
 0.03525 0.05861 0.04185 0.01599 0.00976 0.02277 0.02344 0.02146 0.01842 0.01622 0.02073 0.02207 0.01265 0.01714 0.00954 0.01168 0.00648 0.00646 0.00805 0.01227
 0.01329 0.01974 0.01657 0.02762 0.02835 0.03545 0.01856 0.02077 0.01178 0.01702 0.01051 0.01208 0.01886 0.01864 0.03005 0.02615 0.02066 0.01740 0.01067 0.01299
 0.00173 0.00247 0.00532 0.00836 0.01964 0.02711 0.03086 0.04025 0.03331 0.02421 0.01568 0.01805 0.01520 0.02269 0.01751 0.01812 0.01798 0.01366 0.01542 0.01700
 0.00000 0.00080 0.00379 0.00601 0.01450 0.01724 0.01867 0.02314 0.03529 0.04701 0.04299 0.02916 0.03193 0.02293 0.01783 0.01638 0.01888 0.01446 0.01103 0.02716
 0.00095 0.00048 0.00369 0.00525 0.00531 0.01037 0.00964 0.02253 0.03194 0.02620 0.02364 0.02484 0.02847 0.04127 0.02432 0.02662 0.01441 0.01035 0.00778 0.00672
 0.00000 0.00334 0.00802 0.00943 0.00774 0.00538 0.01608 0.01344 0.01296 0.01527 0.02418 0.03052 0.02204 0.02231 0.02725 0.02572 0.03164 0.01896 0.01050 0.00953
 0.00364 0.00437 0.01248 0.02043 0.01567 0.01319 0.01677 0.01505 0.01821 0.01196 0.01612 0.01640 0.01360 0.01991 0.01734 0.01618 0.01909 0.01326 0.00577 0.00813
 0.00247 0.00398 0.01202 0.01593 0.01281 0.02270 0.03362 0.02474 0.01742 0.01742 0.01461 0.01733 0.01843 0.01958 0.01581 0.01519 0.01481 0.01651 0.00795 0.02737
 0.00082 0.00253 0.01232 0.01451 0.01006 0.01741 0.01341 0.02352 0.02798 0.02607 0.03135 0.02742 0.02114 0.01964 0.01842 0.01501 0.01278 0.01693 0.02110 0.03167
 0.00000 0.00046 0.00259 0.00300 0.01598 0.03132 0.04239 0.03212 0.02832 0.01706 0.02131 0.02572 0.02618 0.02269 0.02763 0.01884 0.01393 0.00987 0.00856 0.01333
 0.01049 0.02068 0.01027 0.00933 0.00465 0.01101 0.01577 0.01488 0.02362 0.01795 0.02768 0.02032 0.02274 0.02409 0.01629 0.02447 0.02340 0.01452 0.01280 0.02323
 0.00664 0.00092 0.00263 0.00322 0.00414 0.00426 0.00337 0.00752 0.00688 0.01205 0.00765 0.01266 0.01273 0.02172 0.01371 0.01205 0.01267 0.01733 0.00853 0.03513
#length proportions of survey oldshell males (year*width 67.5-162.5)
 0.00000 0.00012 0.00000 0.00025 0.00000 0.00012 0.00000 0.00099 0.00075 0.00174 0.00100 0.00161 0.00064 0.00159 0.00227 0.00419 0.00215 0.00231 0.00214 0.00088
 0.00000 0.00000 0.00000 0.00000 0.00014 0.00000 0.00000 0.00000 0.00077 0.00077 0.00168 0.00294 0.00230 0.00468 0.00391 0.00257 0.00326 0.00475 0.00152 0.00157
 0.00000 0.00000 0.00000 0.00000 0.00000 0.00043 0.00067 0.00018 0.00069 0.00085 0.00121 0.00246 0.00249 0.00218 0.00300 0.00317 0.00189 0.00350 0.00161 0.00310
 0.00014 0.00055 0.00048 0.00182 0.00106 0.00376 0.00253 0.00205 0.00207 0.00181 0.00171 0.00297 0.00420 0.00726 0.00476 0.00321 0.00216 0.00149 0.00113 0.00156
 0.00059 0.00161 0.00104 0.00083 0.00149 0.00105 0.00031 0.00047 0.00061 0.00043 0.00083 0.00330 0.00289 0.00415 0.00613 0.00390 0.00770 0.00427 0.00148 0.00434
 0.00000 0.00000 0.00021 0.00000 0.00000 0.00043 0.00021 0.00000 0.00000 0.00016 0.00038 0.00062 0.00097 0.00116 0.00173 0.00264 0.00170 0.00289 0.00104 0.00391
 0.00038 0.00000 0.00117 0.00000 0.00143 0.00111 0.00094 0.00359 0.00257 0.00612 0.00609 0.00836 0.00724 0.01220 0.00770 0.00858 0.00782 0.00736 0.00694 0.01201
 0.00000 0.00000 0.00000 0.00055 0.00095 0.00079 0.00120 0.00065 0.00105 0.00129 0.00173 0.00135 0.00355 0.00097 0.00222 0.00093 0.00169 0.00000 0.00000 0.00094
 0.00000 0.00000 0.00000 0.00000 0.00146 0.00051 0.00342 0.00467 0.00427 0.00572 0.00909 0.00952 0.00550 0.00294 0.00290 0.00185 0.00166 0.00123 0.00000 0.00000
 0.00000 0.00011 0.00012 0.00011 0.00022 0.00017 0.00068 0.00038 0.00063 0.00322 0.00103 0.00054 0.00117 0.00129 0.00240 0.00059 0.00009 0.00039 0.00000 0.00009
 0.00000 0.00000 0.00000 0.00000 0.00000 0.00000 0.00000 0.00000 0.00106 0.00090 0.00000 0.00182 0.00573 0.00000 0.00351 0.00085 0.00000 0.00191 0.00000 0.00000
 0.00000 0.00000 0.00000 0.00000 0.00000 0.00088 0.00162 0.00000 0.00224 0.00088 0.00462 0.00643 0.01135 0.01506 0.00757 0.00329 0.00420 0.00000 0.00150 0.00160
 0.00000 0.00000 0.00000 0.00000 0.00038 0.00039 0.00000 0.00040 0.00081 0.00117 0.00242 0.00356 0.00682 0.01100 0.00860 0.01106 0.00431 0.00249 0.00037 0.00159
 0.00000 0.00000 0.00000 0.00000 0.00204 0.00000 0.00000 0.00000 0.00000 0.00000 0.00080 0.00287 0.00568 0.00853 0.00950 0.01506 0.01149 0.00791 0.00000 0.00135
 0.00000 0.00000 0.00089 0.00000 0.00000 0.00000 0.00000 0.00079 0.00160 0.00550 0.00155 0.00081 0.00810 0.00942 0.02455 0.03437 0.02448 0.02522 0.01486 0.00755
 0.00000 0.00000 0.00000 0.00000 0.00069 0.00000 0.00069 0.00068 0.00279 0.00470 0.00249 0.00866 0.01083 0.01547 0.01890 0.01846 0.01318 0.02262 0.00881 0.01418
 0.00000 0.00000 0.00059 0.00060 0.00114 0.00174 0.00235 0.00399 0.00159 0.00527 0.00219 0.00343 0.00623 0.00538 0.01506 0.01574 0.01341 0.00977 0.00682 0.01207
 0.00000 0.00000 0.00000 0.00165 0.00000 0.00217 0.00423 0.00391 0.00423 0.00645 0.00318 0.00330 0.01161 0.01343 0.01228 0.00739 0.01026 0.01666 0.00509 0.02109
 0.00000 0.00000 0.00069 0.00138 0.00146 0.00204 0.00346 0.00425 0.01141 0.01216 0.02021 0.02558 0.03071 0.02535 0.02977 0.02031 0.02282 0.02133 0.01844 0.03389
 0.00000 0.00000 0.00000 0.00277 0.00591 0.00277 0.00138 0.00651 0.00443 0.00310 0.01053 0.01238 0.02425 0.03959 0.02727 0.02154 0.02073 0.01281 0.01230 0.03521
 0.00000 0.00000 0.00000 0.00000 0.00000 0.00099 0.00086 0.00198 0.00180 0.00173 0.00560 0.00478 0.01026 0.01699 0.01402 0.02162 0.01481 0.00904 0.00454 0.01490
 0.00062 0.00062 0.00062 0.00000 0.00274 0.00064 0.00065 0.00268 0.00072 0.00324 0.00066 0.00466 0.00482 0.00979 0.01555 0.00931 0.01244 0.00776 0.00717 0.01245
 0.00000 0.00000 0.00000 0.00000 0.00000 0.00000 0.00000 0.00041 0.00075 0.00083 0.00216 0.00257 0.00276 0.00386 0.00289 0.00335 0.00782 0.00651 0.00752 0.01417
 0.00000 0.00000 0.00000 0.00000 0.00000 0.00000 0.00000 0.00217 0.00250 0.00293 0.00589 0.01320 0.01047 0.01061 0.01185 0.00788 0.01513 0.01058 0.00671 0.02105
 0.00000 0.00000 0.00000 0.00000 0.00000 0.00063 0.00250 0.00253 0.00142 0.00658 0.00564 0.00129 0.01055 0.01415 0.01568 0.01263 0.01434 0.01064 0.01133 0.01385
 0.00000 0.00000 0.00000 0.00000 0.00000 0.00000 0.00000 0.00000 0.00113 0.00061 0.00239 0.00878 0.01640 0.02815 0.02773 0.02485 0.02277 0.01434 0.00421 0.01292
 0.00000 0.00000 0.00000 0.00000 0.00000 0.00073 0.00143 0.00075 0.00067 0.00000 0.00347 0.00344 0.00412 0.00794 0.00542 0.00565 0.01123 0.00906 0.00907 0.02029
 0.00000 0.00000 0.00000 0.00041 0.00000 0.00114 0.00154 0.00326 0.00757 0.00880 0.01350 0.00862 0.00980 0.01641 0.00701 0.01303 0.01423 0.01333 0.01792 0.02237
 0.00000 0.00000 0.00000 0.00037 0.00000 0.00035 0.00071 0.00037 0.00174 0.00143 0.00144 0.00334 0.00359 0.00604 0.00858 0.00695 0.00672 0.00663 0.00655 0.01552
 0.00000 0.00000 0.00000 0.00000 0.00000 0.00049 0.00084 0.00028 0.00026 0.00027 0.00000 0.00027 0.00000 0.00029 0.00293 0.00298 0.00320 0.00393 0.00320 0.00823
 0.00000 0.00000 0.00000 0.00000 0.00000 0.00000 0.00000 0.00000 0.00000 0.00091 0.00113 0.00119 0.00323 0.00177 0.00295 0.00415 0.00385 0.00899 0.00632 0.01294
 0.00000 0.00000 0.00071 0.00000 0.00073 0.00144 0.00241 0.00000 0.00111 0.00175 0.00110 0.00076 0.00473 0.00186 0.00289 0.00183 0.00645 0.00255 0.00377 0.01162
 0.00000 0.00000 0.00000 0.00000 0.00000 0.00000 0.00368 0.00339 0.00526 0.00455 0.00306 0.00525 0.00835 0.00878 0.00977 0.01063 0.00971 0.01254 0.00748 0.01195
 0.00000 0.00000 0.00000 0.00077 0.00039 0.00154 0.00077 0.00079 0.00193 0.00000 0.00232 0.00362 0.00631 0.00875 0.00705 0.00625 0.00533 0.00912 0.01116 0.01955
 0.00000 0.00000 0.00000 0.00000 0.00000 0.00000 0.00000 0.00000 0.00101 0.00387 0.00787 0.00794 0.00779 0.00659 0.00690 0.00627 0.00538 0.00595 0.00705 0.01016
 0.00000 0.00000 0.00000 0.00000 0.00000 0.00000 0.00000 0.00000 0.00000 0.00000 0.00279 0.00578 0.00816 0.01022 0.00947 0.00903 0.01066 0.00728 0.00404 0.01046
 0.00000 0.00000 0.00000 0.00000 0.00119 0.00061 0.00000 0.00000 0.00000 0.00124 0.00193 0.00386 0.00252 0.00961 0.01011 0.00955 0.00507 0.00716 0.00577 0.00833
 0.00000 0.00000 0.00000 0.00000 0.00000 0.00000 0.00000 0.00000 0.00000 0.00000 0.00071 0.00222 0.00326 0.00686 0.00760 0.00575 0.00834 0.01160 0.00523 0.01605
 0.00000 0.00000 0.00000 0.00000 0.00000 0.00000 0.00000 0.00000 0.00000 0.00000 0.00091 0.00740 0.00914 0.01228 0.01594 0.01743 0.02119 0.02615 0.01835 0.04324
 0.00000 0.00000 0.00000 0.00000 0.00000 0.00000 0.00129 0.00267 0.00295 0.00214 0.00176 0.00686 0.00739 0.00817 0.00961 0.00696 0.00844 0.00901 0.00943 0.03060
 0.00000 0.00000 0.00000 0.00000 0.00000 0.00000 0.00000 0.00000 0.00079 0.00070 0.00086 0.00000 0.00076 0.00773 0.00775 0.00936 0.00789 0.01366 0.01497 0.05633
 0.00000 0.00000 0.00000 0.00000 0.00000 0.00000 0.00000 0.00081 0.00000 0.00088 0.00088 0.00186 0.00000 0.00363 0.00582 0.00929 0.01138 0.02157 0.02389 0.03580
#length proportions of retained males (year*width 67.5-162.5)
 0.0000 0.0000 0.0000 0.0000 0.0000 0.0000 0.0000 0.0000 0.0000 0.0000 0.0000 0.0000 0.0071 0.0741 0.1721 0.2239 0.2122 0.1464 0.0858 0.0785
 0.0000 0.0000 0.0000 0.0000 0.0000 0.0000 0.0000 0.0000 0.0000 0.0000 0.0000 0.0000 0.0016 0.0290 0.1418 0.2316 0.2199 0.1635 0.1071 0.1055
 0.0000 0.0000 0.0000 0.0000 0.0000 0.0000 0.0000 0.0000 0.0000 0.0000 0.0000 0.0000 0.0017 0.0192 0.1382 0.2442 0.2226 0.1605 0.1040 0.1096
 0.0000 0.0000 0.0000 0.0000 0.0000 0.0000 0.0000 0.0000 0.0000 0.0000 0.0000 0.0000 0.0012 0.0209 0.1441 0.2588 0.2401 0.1673 0.0966 0.0711
 0.0000 0.0000 0.0000 0.0000 0.0000 0.0000 0.0000 0.0000 0.0000 0.0000 0.0000 0.0000 0.0013 0.0119 0.0747 0.1649 0.1998 0.2004 0.1556 0.1914
 0.0000 0.0000 0.0000 0.0000 0.0000 0.0000 0.0000 0.0000 0.0000 0.0000 0.0000 0.0000 0.0008 0.0138 0.0919 0.1771 0.1950 0.1792 0.1404 0.2019
 0.0000 0.0000 0.0000 0.0000 0.0000 0.0000 0.0000 0.0000 0.0000 0.0000 0.0000 0.0000 0.0006 0.0225 0.1164 0.1743 0.1711 0.1584 0.1284 0.2283
 0.0000 0.0000 0.0000 0.0000 0.0000 0.0000 0.0000 0.0000 0.0000 0.0000 0.0000 0.0000 0.0000 0.0544 0.2576 0.2802 0.1667 0.0837 0.0508 0.1067
 0.0000 0.0000 0.0000 0.0000 0.0000 0.0000 0.0000 0.0000 0.0000 0.0000 0.0000 0.0003 0.0023 0.0654 0.3110 0.3135 0.1763 0.0846 0.0321 0.0145
 0.0000 0.0000 0.0000 0.0000 0.0000 0.0000 0.0000 0.0000 0.0000 0.0000 0.0000 0.0005 0.0044 0.0790 0.2869 0.3098 0.1898 0.0860 0.0306 0.0129
 0.0000 0.0000 0.0000 0.0000 0.0000 0.0000 0.0000 0.0000 0.0000 0.0000 0.0000 0.0000 0.0016 0.0531 0.2613 0.3289 0.2084 0.0978 0.0352 0.0137
 0.0000 0.0000 0.0000 0.0000 0.0000 0.0000 0.0000 0.0000 0.0000 0.0000 0.0000 0.0000 0.0013 0.0284 0.1895 0.3045 0.2522 0.1421 0.0565 0.0255
 0.0000 0.0000 0.0000 0.0000 0.0000 0.0000 0.0000 0.0000 0.0000 0.0000 0.0000 0.0000 0.0000 0.0202 0.1294 0.2646 0.2471 0.1876 0.1033 0.0477
 0.0000 0.0000 0.0000 0.0000 0.0000 0.0000 0.0000 0.0000 0.0000 0.0000 0.0000 0.0000 0.0005 0.0187 0.1211 0.2209 0.2190 0.1908 0.1197 0.1094
 0.0000 0.0000 0.0000 0.0000 0.0000 0.0000 0.0000 0.0000 0.0000 0.0000 0.0000 0.0003 0.0000 0.0146 0.0887 0.1801 0.1707 0.1728 0.1431 0.2297
 0.0000 0.0000 0.0000 0.0000 0.0000 0.0000 0.0000 0.0000 0.0000 0.0000 0.0000 0.0001 0.0005 0.0141 0.0848 0.1651 0.1790 0.1739 0.1432 0.2392
 0.0000 0.0000 0.0000 0.0000 0.0000 0.0000 0.0000 0.0000 0.0000 0.0000 0.0003 0.0002 0.0005 0.0095 0.0638 0.1317 0.1673 0.1747 0.1636 0.2886
 0.0000 0.0000 0.0000 0.0000 0.0000 0.0000 0.0000 0.0000 0.0000 0.0000 0.0000 0.0000 0.0014 0.0138 0.0940 0.1789 0.1739 0.1596 0.1331 0.2453
 0.0000 0.0000 0.0000 0.0000 0.0000 0.0000 0.0000 0.0000 0.0000 0.0000 0.0000 0.0006 0.0006 0.0129 0.0779 0.1407 0.1620 0.1771 0.1671 0.2612
 0.0000 0.0000 0.0000 0.0000 0.0000 0.0000 0.0000 0.0000 0.0000 0.0000 0.0000 0.0004 0.0003 0.0138 0.0899 0.1486 0.1603 0.1699 0.1588 0.2580
 0.0000 0.0000 0.0000 0.0000 0.0000 0.0000 0.0001 0.0001 0.0001 0.0001 0.0004 0.0002 0.0008 0.0225 0.1187 0.1596 0.1490 0.1432 0.1394 0.2660
 0.0000 0.0000 0.0000 0.0000 0.0000 0.0000 0.0000 0.0000 0.0000 0.0000 0.0001 0.0000 0.0001 0.0147 0.1313 0.2575 0.2292 0.1624 0.0961 0.1087
 0.0000 0.0000 0.0000 0.0000 0.0000 0.0000 0.0000 0.0000 0.0001 0.0001 0.0000 0.0001 0.0003 0.0111 0.0931 0.1945 0.2111 0.1822 0.1247 0.1826
 0.0000 0.0000 0.0000 0.0000 0.0000 0.0000 0.0000 0.0001 0.0001 0.0001 0.0002 0.0002 0.0012 0.0181 0.0836 0.1681 0.1986 0.1953 0.1506 0.1838
 0.0000 0.0000 0.0000 0.0000 0.0000 0.0000 0.0001 0.0000 0.0001 0.0001 0.0001 0.0000 0.0002 0.0151 0.1080 0.1884 0.1915 0.1683 0.1334 0.1948
 0.0000 0.0000 0.0000 0.0000 0.0000 0.0000 0.0000 0.0000 0.0000 0.0001 0.0001 0.0002 0.0009 0.0243 0.1464 0.2320 0.1871 0.1497 0.0994 0.1597
 0.0000 0.0000 0.0000 0.0000 0.0000 0.0000 0.0000 0.0000 0.0000 0.0000 0.0000 0.0000 0.0002 0.0064 0.0514 0.1302 0.1702 0.1971 0.1632 0.2812
 0.0000 0.0000 0.0000 0.0000 0.0000 0.0000 0.0001 0.0000 0.0000 0.0000 0.0001 0.0001 0.0008 0.0150 0.0859 0.1543 0.1661 0.1783 0.1516 0.2475
 0.0000 0.0000 0.0000 0.0000 0.0000 0.0000 0.0000 0.0000 0.0000 0.0000 0.0001 0.0001 0.0004 0.0102 0.0739 0.1905 0.2203 0.1887 0.1370 0.1787
 0.0000 0.0000 0.0000 0.0000 0.0000 0.0000 0.0000 0.0000 0.0000 0.0000 0.0000 0.0002 0.0003 0.0067 0.0871 0.1833 0.1934 0.1846 0.1472 0.1973
 0.0000 0.0000 0.0000 0.0000 0.0000 0.0000 0.0000 0.0000 0.0000 0.0000 0.0000 0.0001 0.0002 0.0100 0.0746 0.1457 0.1619 0.1790 0.1625 0.2659
 0.0000 0.0000 0.0000 0.0000 0.0000 0.0000 0.0000 0.0000 0.0000 0.0000 0.0000 0.0000 0.0002 0.0108 0.1152 0.2215 0.1968 0.1588 0.1084 0.1882
 0.0000 0.0000 0.0000 0.0000 0.0000 0.0000 0.0000 0.0000 0.0000 0.0000 0.0000 0.0000 0.0003 0.0091 0.0986 0.2244 0.2238 0.1861 0.1144 0.1433
 0.0000 0.0000 0.0000 0.0000 0.0000 0.0000 0.0000 0.0000 0.0000 0.0000 0.0003 0.0001 0.0003 0.0114 0.1180 0.2436 0.2292 0.1725 0.1077 0.1169
 0.0000 0.0000 0.0000 0.0000 0.0000 0.0000 0.0000 0.0000 0.0001 0.0000 0.0001 0.0000 0.0000 0.0044 0.0499 0.1249 0.1730 0.1886 0.1654 0.2937
 0.0000 0.0000 0.0000 0.0000 0.0000 0.0000 0.0000 0.0001 0.0001 0.0000 0.0000 0.0001 0.0001 0.0054 0.0525 0.1271 0.1484 0.1657 0.1632 0.3374
 0.0000 0.0000 0.0000 0.0000 0.0000 0.0000 0.0000 0.0000 0.0000 0.0000 0.0000 0.0000 0.0004 0.0117 0.0964 0.1831 0.1696 0.1454 0.1246 0.2689
 0.0000 0.0000 0.0000 0.0000 0.0000 0.0000 0.0000 0.0000 0.0000 0.0000 0.0000 0.0001 0.0003 0.0067 0.0616 0.1473 0.1864 0.1947 0.1634 0.2397
#length proportions of pot discarded females (year*width 67.5-162.5)
 0.0000 0.0014 0.0029 0.0029 0.0057 0.0072 0.0143 0.0672 0.1016 0.1731 0.1688 0.2132 0.1359 0.0715 0.0243 0.0100 0.0000 0.0000 0.0000 0.0000
 0.0054 0.0239 0.0612 0.0957 0.1330 0.1596 0.1223 0.0718 0.0691 0.0559 0.0691 0.0798 0.0346 0.0106 0.0053 0.0027 0.0000 0.0000 0.0000 0.0000
 0.0008 0.0013 0.0029 0.0176 0.0799 0.1757 0.1941 0.1694 0.0958 0.0816 0.0577 0.0406 0.0406 0.0259 0.0117 0.0046 0.0000 0.0000 0.0000 0.0000
 0.0015 0.0024 0.0044 0.0059 0.0130 0.0326 0.1011 0.1597 0.1444 0.1137 0.0905 0.0853 0.0835 0.0740 0.0434 0.0446 0.0000 0.0000 0.0000 0.0000
 0.0000 0.0000 0.0000 0.0909 0.6364 0.2727 0.0000 0.0000 0.0000 0.0000 0.0000 0.0000 0.0000 0.0000 0.0000 0.0000 0.0000 0.0000 0.0000 0.0000
 0.0000 0.0000 0.0011 0.0011 0.0099 0.0265 0.0364 0.0464 0.0695 0.1391 0.1667 0.1435 0.1170 0.1082 0.0607 0.0740 0.0000 0.0000 0.0000 0.0000
 0.0002 0.0004 0.0010 0.0026 0.0064 0.0180 0.0570 0.1813 0.2307 0.1527 0.0828 0.0855 0.0578 0.0514 0.0337 0.0386 0.0000 0.0000 0.0000 0.0000
 0.0000 0.0000 0.0000 0.0278 0.0278 0.0278 0.0556 0.0000 0.0000 0.1111 0.1389 0.0833 0.1111 0.1111 0.0833 0.2222 0.0000 0.0000 0.0000 0.0000
 0.0000 0.0175 0.1036 0.2234 0.2093 0.1319 0.0774 0.0323 0.0209 0.0316 0.0451 0.0518 0.0229 0.0141 0.0047 0.0135 0.0000 0.0000 0.0000 0.0000
 0.0027 0.0050 0.0151 0.0330 0.0588 0.0866 0.0970 0.0866 0.0575 0.0525 0.0874 0.1392 0.1421 0.0649 0.0291 0.0426 0.0000 0.0000 0.0000 0.0000
 0.0258 0.1194 0.1452 0.1548 0.1161 0.0645 0.0258 0.0226 0.0548 0.0419 0.0355 0.0258 0.0323 0.0355 0.0323 0.0678 0.0000 0.0000 0.0000 0.0000
 0.0141 0.0187 0.0255 0.0719 0.1116 0.1157 0.0743 0.0476 0.0661 0.0902 0.1012 0.0628 0.0497 0.0504 0.0460 0.0540 0.0000 0.0000 0.0000 0.0000
 0.0005 0.0075 0.0306 0.0596 0.0754 0.0900 0.1425 0.1333 0.0883 0.0484 0.0574 0.0584 0.0511 0.0394 0.0389 0.0788 0.0000 0.0000 0.0000 0.0000
 0.0004 0.0013 0.0022 0.0050 0.0146 0.0499 0.0788 0.0931 0.1233 0.1211 0.0871 0.1021 0.0958 0.0885 0.0519 0.0848 0.0000 0.0000 0.0000 0.0000
 0.0003 0.0044 0.0248 0.1218 0.1937 0.1603 0.0720 0.0558 0.0722 0.0778 0.0614 0.0401 0.0340 0.0282 0.0199 0.0333 0.0000 0.0000 0.0000 0.0000
 0.0030 0.0126 0.0214 0.0223 0.0436 0.0854 0.1105 0.0828 0.0558 0.0744 0.1020 0.1165 0.0954 0.0684 0.0444 0.0614 0.0000 0.0000 0.0000 0.0000
 0.0004 0.0018 0.0097 0.0364 0.0768 0.0661 0.0469 0.0773 0.1070 0.0868 0.0954 0.1265 0.1257 0.0672 0.0392 0.0369 0.0000 0.0000 0.0000 0.0000
 0.0037 0.0080 0.0100 0.0144 0.0164 0.0277 0.0647 0.0863 0.0803 0.0913 0.0858 0.0900 0.1144 0.1308 0.0880 0.0881 0.0000 0.0000 0.0000 0.0000
 0.0037 0.0051 0.0051 0.0199 0.0276 0.0290 0.0271 0.0443 0.0882 0.1138 0.1322 0.1427 0.1007 0.0915 0.0879 0.0813 0.0000 0.0000 0.0000 0.0000
 0.0132 0.0373 0.0653 0.1089 0.0814 0.0734 0.0619 0.0436 0.0281 0.0373 0.0717 0.0896 0.0748 0.0587 0.0610 0.0938 0.0000 0.0000 0.0000 0.0000
 0.0089 0.0107 0.0125 0.0339 0.0606 0.1159 0.0945 0.0392 0.0178 0.0125 0.0410 0.0392 0.1658 0.1515 0.1105 0.0856 0.0000 0.0000 0.0000 0.0000
 0.0005 0.0017 0.0083 0.0109 0.0187 0.0369 0.0714 0.1329 0.1424 0.0972 0.0718 0.0635 0.0855 0.0904 0.0732 0.0947 0.0000 0.0000 0.0000 0.0000
 0.0015 0.0062 0.0082 0.0108 0.0113 0.0236 0.0318 0.0297 0.0528 0.0672 0.0754 0.0764 0.0928 0.1123 0.1241 0.2759 0.0000 0.0000 0.0000 0.0000
 0.0000 0.0014 0.0020 0.0059 0.0138 0.0182 0.0204 0.0367 0.0567 0.0885 0.0881 0.1428 0.1078 0.1019 0.0817 0.2342 0.0000 0.0000 0.0000 0.0000
#length proportions of pot discarded males (year*width 67.5-162.5)
 0.0011 0.0000 0.0011 0.0080 0.0046 0.0126 0.0069 0.0378 0.0504 0.0767 0.1226 0.1523 0.1867 0.2440 0.0859 0.0092 0.0000 0.0000 0.0000 0.0000
 0.0033 0.0101 0.0197 0.0214 0.0242 0.0394 0.0326 0.0630 0.0624 0.0692 0.0641 0.1125 0.1586 0.2154 0.0939 0.0101 0.0000 0.0000 0.0000 0.0000
 0.0000 0.0009 0.0012 0.0111 0.0222 0.0549 0.0869 0.1143 0.1183 0.1230 0.1180 0.1251 0.1112 0.0807 0.0293 0.0028 0.0000 0.0000 0.0000 0.0000
 0.0019 0.0045 0.0057 0.0050 0.0062 0.0122 0.0312 0.0571 0.0778 0.1080 0.1334 0.1544 0.1518 0.1705 0.0747 0.0055 0.0000 0.0000 0.0000 0.0000
 0.0000 0.0000 0.0000 0.0131 0.0524 0.0830 0.0742 0.0306 0.0480 0.0699 0.0611 0.1004 0.1485 0.2009 0.1048 0.0131 0.0000 0.0000 0.0000 0.0000
 0.0000 0.0002 0.0005 0.0007 0.0015 0.0197 0.0553 0.1090 0.1268 0.1304 0.1031 0.1002 0.1275 0.1424 0.0751 0.0076 0.0000 0.0000 0.0000 0.0000
 0.0002 0.0005 0.0008 0.0044 0.0070 0.0100 0.0104 0.0175 0.0391 0.0970 0.1402 0.2062 0.2047 0.1811 0.0714 0.0097 0.0000 0.0000 0.0000 0.0000
 0.0000 0.0000 0.0000 0.0086 0.0086 0.0029 0.0076 0.0086 0.0143 0.0286 0.0630 0.1260 0.2118 0.3244 0.1880 0.0076 0.0000 0.0000 0.0000 0.0000
 0.0003 0.0051 0.0192 0.0483 0.0613 0.0576 0.0595 0.0581 0.0532 0.0558 0.0712 0.1059 0.1497 0.1554 0.0895 0.0097 0.0000 0.0000 0.0000 0.0000
 0.0016 0.0057 0.0093 0.0115 0.0155 0.0302 0.0568 0.0866 0.1009 0.1196 0.1239 0.1411 0.1319 0.1128 0.0481 0.0045 0.0000 0.0000 0.0000 0.0000
 0.0012 0.0061 0.0060 0.0091 0.0065 0.0104 0.0133 0.0335 0.0630 0.1142 0.1543 0.1705 0.1642 0.1582 0.0803 0.0093 0.0000 0.0000 0.0000 0.0000
 0.0081 0.0119 0.0146 0.0317 0.0552 0.0666 0.0720 0.0670 0.0642 0.0599 0.0655 0.0958 0.1322 0.1708 0.0781 0.0064 0.0000 0.0000 0.0000 0.0000
 0.0004 0.0074 0.0177 0.0403 0.0510 0.0483 0.0615 0.1087 0.1384 0.1452 0.1102 0.0849 0.0700 0.0688 0.0404 0.0059 0.0008 0.0000 0.0000 0.0000
 0.0002 0.0008 0.0015 0.0029 0.0076 0.0220 0.0343 0.0418 0.0454 0.0658 0.0956 0.1376 0.1381 0.1385 0.0729 0.0262 0.0246 0.0349 0.0345 0.0750
 0.0003 0.0013 0.0044 0.0150 0.0312 0.0377 0.0368 0.0346 0.0452 0.0766 0.0929 0.1144 0.1377 0.1764 0.1275 0.0284 0.0105 0.0085 0.0075 0.0132
 0.0012 0.0042 0.0068 0.0098 0.0171 0.0366 0.0658 0.0850 0.0928 0.0857 0.0819 0.0987 0.1291 0.1651 0.0956 0.0126 0.0032 0.0028 0.0022 0.0037
 0.0001 0.0003 0.0012 0.0046 0.0108 0.0141 0.0159 0.0214 0.0441 0.0808 0.1269 0.1793 0.1988 0.1838 0.0983 0.0099 0.0014 0.0018 0.0018 0.0045
 0.0004 0.0010 0.0018 0.0032 0.0041 0.0073 0.0178 0.0402 0.0631 0.0705 0.0798 0.1180 0.1809 0.2413 0.1455 0.0149 0.0021 0.0016 0.0022 0.0043
 0.0007 0.0011 0.0025 0.0055 0.0085 0.0119 0.0148 0.0218 0.0341 0.0541 0.0962 0.1517 0.2017 0.2373 0.1350 0.0137 0.0017 0.0018 0.0016 0.0042
 0.0017 0.0066 0.0112 0.0199 0.0204 0.0188 0.0272 0.0309 0.0409 0.0560 0.0756 0.1176 0.1698 0.2210 0.1565 0.0180 0.0026 0.0017 0.0009 0.0025
 0.0006 0.0008 0.0024 0.0042 0.0111 0.0262 0.0416 0.0563 0.0534 0.0570 0.0704 0.1060 0.1521 0.2072 0.1468 0.0248 0.0054 0.0085 0.0069 0.0182
 0.0001 0.0016 0.0040 0.0052 0.0110 0.0137 0.0227 0.0353 0.0600 0.0871 0.1253 0.1381 0.1523 0.1563 0.1001 0.0207 0.0088 0.0177 0.0158 0.0242
 0.0006 0.0014 0.0017 0.0025 0.0038 0.0082 0.0139 0.0249 0.0347 0.0449 0.0767 0.1027 0.1525 0.1845 0.1225 0.0278 0.0231 0.0319 0.0371 0.1047
 0.0002 0.0006 0.0021 0.0040 0.0082 0.0156 0.0169 0.0190 0.0332 0.0769 0.0966 0.1365 0.1533 0.1834 0.1101 0.0238 0.0143 0.0185 0.0203 0.0664
#length proportions of trawl female bycatch (year*width 67.5-162.5)
 0.0000 0.0000 0.0000 0.0000 0.0000 0.0000 0.0130 0.0087 0.0216 0.0260 0.0303 0.0563 0.0130 0.0260 0.0043 0.0260 0.0000 0.0000 0.0000 0.0000
 0.0000 0.0009 0.0009 0.0000 0.0000 0.0009 0.0026 0.0053 0.0070 0.0088 0.0062 0.0053 0.0044 0.0026 0.0009 0.0009 0.0000 0.0000 0.0000 0.0000
 0.0000 0.0000 0.0000 0.0000 0.0000 0.0000 0.0000 0.0000 0.0000 0.0000 0.0075 0.0050 0.0075 0.0262 0.0324 0.0610 0.0000 0.0000 0.0000 0.0000
 0.0130 0.0013 0.0000 0.0000 0.0063 0.0038 0.0152 0.0468 0.0354 0.0392 0.0544 0.0215 0.0164 0.0177 0.0013 0.0139 0.0000 0.0000 0.0000 0.0000
 0.0433 0.0160 0.0096 0.0189 0.0281 0.0409 0.0497 0.0472 0.0489 0.0525 0.0362 0.0265 0.0134 0.0081 0.0039 0.0040 0.0000 0.0000 0.0000 0.0000
 0.0612 0.0245 0.0245 0.0437 0.0540 0.0608 0.0525 0.0425 0.0315 0.0383 0.0312 0.0267 0.0240 0.0158 0.0093 0.0086 0.0000 0.0000 0.0000 0.0000
 0.0631 0.0235 0.0237 0.0285 0.0379 0.0413 0.0332 0.0246 0.0190 0.0177 0.0156 0.0144 0.0104 0.0080 0.0034 0.0049 0.0000 0.0000 0.0000 0.0000
 0.0281 0.0233 0.0351 0.0363 0.0358 0.0407 0.0392 0.0316 0.0222 0.0154 0.0100 0.0087 0.0065 0.0042 0.0030 0.0041 0.0000 0.0000 0.0000 0.0000
 0.0400 0.0156 0.0155 0.0211 0.0298 0.0344 0.0399 0.0359 0.0287 0.0151 0.0085 0.0060 0.0042 0.0031 0.0019 0.0029 0.0000 0.0000 0.0000 0.0000
 0.0034 0.0013 0.0024 0.0046 0.0096 0.0171 0.0195 0.0193 0.0163 0.0128 0.0119 0.0111 0.0108 0.0057 0.0025 0.0066 0.0000 0.0000 0.0000 0.0000
 0.0038  0.0014  0.0038  0.0000  0.0038  0.0099  0.0329  0.0762  0.0630  0.0470  0.0494  0.0466  0.0428  0.0202  0.0085  0.0268 0.0000 0.0000 0.0000 0.0000
 0.0020  0.0020  0.0030  0.0100  0.0180  0.0311  0.0331  0.0401  0.0220  0.0311  0.0160  0.0391  0.0080  0.0080  0.0030  0.0090 0.0000 0.0000 0.0000 0.0000
 0.0079  0.0143  0.0032  0.0079  0.0063  0.0127  0.0222  0.0349  0.0475  0.0523  0.0396  0.0222  0.0174  0.0079  0.0048  0.0063 0.0000 0.0000 0.0000 0.0000
 0.0028  0.0023  0.0025  0.0047  0.0081  0.0123  0.0212  0.0428  0.0498  0.0477  0.0432  0.0297  0.0252  0.0170  0.0064  0.0172 0.0000 0.0000 0.0000 0.0000
 0.0017  0.0035  0.0078  0.0069  0.0112  0.0112  0.0190  0.0268  0.0424  0.0380  0.0372  0.0346  0.0251  0.0173  0.0147  0.0449 0.0000 0.0000 0.0000 0.0000
 0.0000  0.0032  0.0063  0.0032  0.0000  0.0063  0.0032  0.0063  0.0254  0.0159  0.0159  0.0349  0.0222  0.0540  0.0222  0.1206 0.0000 0.0000 0.0000 0.0000
 0.0045  0.0000  0.0000  0.0023  0.0315  0.0473  0.0360  0.0360  0.0360  0.0360  0.0473  0.0608  0.0495  0.0405  0.0360  0.0541 0.0000 0.0000 0.0000 0.0000
 0.0000  0.0035  0.0087  0.0295  0.0329  0.0433  0.0295  0.0659  0.0451  0.0173  0.0139  0.0121  0.0139  0.0225  0.0208  0.0693 0.0000 0.0000 0.0000 0.0000
 0.0507  0.0000  0.0000  0.0217  0.0072  0.0217  0.0435  0.0145  0.0217  0.0000  0.0217  0.0072  0.0072  0.0145  0.0000  0.0217 0.0000 0.0000 0.0000 0.0000
 0.0030  0.0005  0.0025  0.0070  0.0186  0.0236  0.0181  0.0261  0.0326  0.0482  0.0637  0.0602  0.0487  0.0416  0.0306  0.0607 0.0000 0.0000 0.0000 0.0000
 0.0000  0.0000  0.0006  0.0006  0.0042  0.0101  0.0285  0.0297  0.0469  0.0439  0.0243  0.0184  0.0178  0.0136  0.0101  0.0380 0.0000 0.0000 0.0000 0.0000
 0.0000  0.0000  0.0004  0.0008  0.0012  0.0028  0.0134  0.0389  0.0441  0.0330  0.0307  0.0240  0.0295  0.0256  0.0319  0.0838 0.0000 0.0000 0.0000 0.0000
 0.0000  0.0000  0.0007  0.0003  0.0003  0.0007  0.0013  0.0066  0.0166  0.0322  0.0408  0.0365  0.0295  0.0259  0.0206  0.0727 0.0000 0.0000 0.0000 0.0000
 0.0000  0.0000  0.0000  0.0018  0.0018  0.0042  0.0078  0.0138  0.0114  0.0228  0.0402  0.0547  0.0462  0.0432  0.0390  0.1159 0.0000 0.0000 0.0000 0.0000
 0.0003  0.0001  0.0003  0.0014  0.0036  0.0062  0.0126  0.0169  0.0159  0.0189  0.0362  0.0615  0.0554  0.0343  0.0270  0.0739 0.0000 0.0000 0.0000 0.0000
 0.0006  0.0008  0.0008  0.0006  0.0008  0.0025  0.0035  0.0087  0.0167  0.0165  0.0130  0.0242  0.0349  0.0360  0.0378  0.1050 0.0000 0.0000 0.0000 0.0000
 0.0008  0.0019  0.0019  0.0118  0.0194  0.0156  0.0107  0.0088  0.0156  0.0225  0.0297  0.0335  0.0339  0.0453  0.0434  0.1078 0.0000 0.0000 0.0000 0.0000
 0.0003  0.0003  0.0016  0.0025  0.0041  0.0106  0.0182  0.0307  0.0285  0.0260  0.0444  0.0413  0.0435  0.0410  0.0426  0.1358 0.0000 0.0000 0.0000 0.0000
 0.0003  0.0024  0.0030  0.0016  0.0033  0.0087  0.0138  0.0269  0.0393  0.0485  0.0380  0.0393  0.0499  0.0407  0.0374  0.1546 0.0000 0.0000 0.0000 0.0000
 0.0003  0.0000  0.0003  0.0003  0.0020  0.0040  0.0092  0.0240  0.0456  0.0722  0.0707  0.0661  0.0494  0.0372  0.0300  0.1611 0.0000 0.0000 0.0000 0.0000
 0.0000  0.0005  0.0019  0.0019  0.0028  0.0109  0.0194  0.0337  0.0380  0.0541  0.0731  0.0764  0.0593  0.0460  0.0289  0.0735 0.0000 0.0000 0.0000 0.0000
 0.0003  0.0007  0.0007  0.0010  0.0038  0.0045  0.0096  0.0182  0.0365  0.0296  0.0399  0.0427  0.0502  0.0310  0.0224  0.0664 0.0000 0.0000 0.0000 0.0000
 0.0000  0.0000  0.0000  0.0000  0.0018  0.0123  0.0236  0.0464  0.0438  0.0254  0.0271  0.0342  0.0438  0.0394  0.0333  0.0736 0.0000 0.0000 0.0000 0.0000
 0.0000  0.0011  0.0011  0.0011  0.0046  0.0126  0.0241  0.0333  0.0310  0.0447  0.0608  0.0493  0.0482  0.0447  0.0401  0.0940 0.0000 0.0000 0.0000 0.0000
 0.0000  0.0000  0.0046  0.0139  0.0093  0.0070  0.0325  0.0093  0.0186  0.0232  0.0441  0.0464  0.0557  0.0348  0.0418  0.1485 0.0000 0.0000 0.0000 0.0000
 0.0000  0.0000  0.0000  0.0000  0.0038  0.0344  0.0229  0.0496  0.0153  0.0382  0.0344  0.0267  0.0611  0.0496  0.0344  0.1107 0.0000 0.0000 0.0000 0.0000
 0.0022  0.0000  0.0022  0.0000  0.0086  0.0065  0.0258  0.0430  0.0344  0.0409  0.0258  0.0172  0.0151  0.0366  0.0172  0.0796 0.0000 0.0000 0.0000 0.0000
 0.0000  0.0000  0.0042  0.0042  0.0042  0.0085  0.0169  0.0127  0.0424  0.0339  0.0297  0.0169  0.0127  0.0127  0.0339  0.1229 0.0000 0.0000 0.0000 0.0000
 0.0000  0.0000  0.0037  0.0112  0.0522  0.0410  0.0522  0.0784  0.0261  0.0485  0.0410  0.0336  0.0187  0.0224  0.0224  0.1194 0.0000 0.0000 0.0000 0.0000
#length proportions of trawl male bycatch (year*width 67.5-162.5)
 0.0000 0.0000 0.0000 0.0000 0.0000 0.0130 0.0087 0.0043 0.0216 0.0087 0.0260 0.0390 0.0433 0.0649 0.0996 0.0866 0.0736 0.0909 0.0649 0.1299
 0.0036 0.0009 0.0009 0.0009 0.0026 0.0035 0.0079 0.0097 0.0317 0.0485 0.0599 0.0996 0.1084 0.1251 0.1040 0.1057 0.1004 0.0634 0.0326 0.0441
 0.0000 0.0000 0.0000 0.0000 0.0000 0.0000 0.0000 0.0025 0.0012 0.0025 0.0149 0.0274 0.0511 0.0872 0.1245 0.1158 0.0797 0.0984 0.0672 0.1880
 0.0178 0.0013 0.0025 0.0013 0.0025 0.0076 0.0038 0.0025 0.0013 0.0063 0.0051 0.0114 0.0228 0.0556 0.0582 0.0708 0.0898 0.0860 0.0809 0.1858
 0.0531 0.0207 0.0096 0.0135 0.0142 0.0163 0.0274 0.0263 0.0380 0.0375 0.0422 0.0394 0.0368 0.0377 0.0313 0.0231 0.0207 0.0142 0.0131 0.0265
 0.0262 0.0028 0.0045 0.0066 0.0112 0.0175 0.0279 0.0349 0.0386 0.0504 0.0434 0.0480 0.0287 0.0334 0.0241 0.0212 0.0112 0.0064 0.0051 0.0087
 0.0701 0.0268 0.0247 0.0326 0.0356 0.0443 0.0409 0.0403 0.0401 0.0475 0.0426 0.0479 0.0405 0.0326 0.0218 0.0153 0.0084 0.0052 0.0038 0.0099
 0.0231 0.0214 0.0336 0.0344 0.0311 0.0319 0.0377 0.0445 0.0473 0.0471 0.0457 0.0437 0.0409 0.0414 0.0371 0.0283 0.0204 0.0129 0.0096 0.0180
 0.0366 0.0156 0.0147 0.0199 0.0270 0.0342 0.0399 0.0407 0.0431 0.0476 0.0511 0.0596 0.0594 0.0563 0.0473 0.0355 0.0264 0.0170 0.0109 0.0146
 0.0051 0.0014 0.0034 0.0059 0.0100 0.0164 0.0256 0.0396 0.0357 0.0446 0.0538 0.0636 0.0843 0.0862 0.0883 0.0843 0.0638 0.0455 0.0299 0.0578
 0.0038  0.0019  0.0085  0.0019  0.0056  0.0136  0.0193  0.0357  0.0160  0.0249  0.0221  0.0320  0.0710  0.0555  0.0527  0.0635  0.0456  0.0362  0.0259  0.0282
 0.0020  0.0000  0.0010  0.0020  0.0050  0.0080  0.0190  0.0271  0.0170  0.0220  0.0441  0.0491  0.0401  0.0581  0.0852  0.0812  0.0671  0.0611  0.0511  0.0842
 0.0048  0.0048  0.0063  0.0016  0.0032  0.0000  0.0095  0.0174  0.0127  0.0396  0.0523  0.0539  0.0571  0.0634  0.0650  0.0887  0.0792  0.0586  0.0349  0.0396
 0.0049  0.0025  0.0019  0.0008  0.0021  0.0021  0.0049  0.0047  0.0098  0.0144  0.0233  0.0373  0.0435  0.0526  0.0700  0.0797  0.0787  0.0774  0.0672  0.0895
 0.0052  0.0052  0.0078  0.0017  0.0069  0.0069  0.0225  0.0207  0.0380  0.0380  0.0225  0.0242  0.0328  0.0484  0.0778  0.0709  0.0691  0.0588  0.0328  0.0674
 0.0032  0.0063  0.0032  0.0063  0.0159  0.0127  0.0127  0.0159  0.0317  0.0222  0.0317  0.0286  0.0349  0.0190  0.0254  0.0603  0.0444  0.0571  0.0571  0.1714
 0.0203  0.0203  0.0203  0.0023  0.0068  0.0090  0.0135  0.0023  0.0113  0.0158  0.0203  0.0158  0.0293  0.0293  0.0293  0.0450  0.0248  0.0360  0.0158  0.1149
 0.0035  0.0017  0.0035  0.0069  0.0017  0.0000  0.0000  0.0000  0.0000  0.0000  0.0017  0.0017  0.0087  0.0156  0.0208  0.0468  0.0433  0.0572  0.0832  0.2756
 0.0072  0.0290  0.0145  0.0072  0.0000  0.0072  0.0000  0.0072  0.0072  0.0145  0.0000  0.0145  0.0145  0.0145  0.0290  0.0652  0.1232  0.0942  0.0507  0.2464
 0.0010  0.0015  0.0025  0.0030  0.0040  0.0090  0.0140  0.0156  0.0206  0.0276  0.0346  0.0437  0.0341  0.0482  0.0286  0.0447  0.0301  0.0376  0.0286  0.0853
 0.0000  0.0000  0.0018  0.0018  0.0107  0.0220  0.0386  0.0540  0.0516  0.0510  0.0427  0.0291  0.0315  0.0350  0.0350  0.0309  0.0350  0.0427  0.0475  0.1525
 0.0004  0.0004  0.0004  0.0000  0.0000  0.0008  0.0028  0.0035  0.0067  0.0130  0.0268  0.0342  0.0547  0.0625  0.0677  0.0673  0.0590  0.0590  0.0504  0.1306
 0.0020  0.0007  0.0010  0.0003  0.0007  0.0000  0.0033  0.0017  0.0023  0.0056  0.0083  0.0212  0.0422  0.0707  0.0953  0.1042  0.0979  0.0803  0.0588  0.1185
 0.0000  0.0000  0.0012  0.0006  0.0006  0.0030  0.0042  0.0162  0.0222  0.0258  0.0252  0.0426  0.0372  0.0426  0.0360  0.0468  0.0414  0.0450  0.0480  0.1580
 0.0000  0.0001  0.0010  0.0006  0.0023  0.0071  0.0080  0.0111  0.0192  0.0208  0.0224  0.0211  0.0234  0.0265  0.0312  0.0432  0.0593  0.0607  0.0612  0.2159
 0.0004  0.0004  0.0002  0.0019  0.0012  0.0023  0.0017  0.0025  0.0050  0.0105  0.0161  0.0203  0.0287  0.0354  0.0486  0.0536  0.0651  0.0703  0.0753  0.2579
 0.0011  0.0008  0.0034  0.0099  0.0145  0.0149  0.0202  0.0122  0.0103  0.0122  0.0118  0.0251  0.0282  0.0370  0.0514  0.0564  0.0556  0.0510  0.0510  0.1303
 0.0000  0.0003  0.0016  0.0047  0.0028  0.0072  0.0094  0.0225  0.0260  0.0232  0.0282  0.0238  0.0244  0.0235  0.0291  0.0429  0.0495  0.0469  0.0429  0.1199
 0.0016  0.0016  0.0016  0.0027  0.0030  0.0065  0.0084  0.0155  0.0098  0.0130  0.0212  0.0298  0.0320  0.0336  0.0331  0.0331  0.0372  0.0388  0.0388  0.1310
 0.0006  0.0000  0.0000  0.0000  0.0006  0.0014  0.0023  0.0055  0.0075  0.0179  0.0182  0.0234  0.0254  0.0300  0.0413  0.0436  0.0430  0.0424  0.0367  0.0878
 0.0000  0.0005  0.0000  0.0009  0.0028  0.0019  0.0028  0.0081  0.0090  0.0104  0.0171  0.0180  0.0194  0.0356  0.0403  0.0403  0.0370  0.0403  0.0565  0.1385
 0.0007  0.0000  0.0003  0.0010  0.0024  0.0014  0.0021  0.0041  0.0145  0.0237  0.0299  0.0478  0.0533  0.0478  0.0571  0.0399  0.0506  0.0489  0.0499  0.1669
 0.0000  0.0000  0.0000  0.0000  0.0009  0.0026  0.0026  0.0035  0.0070  0.0105  0.0114  0.0306  0.0315  0.0420  0.0552  0.0534  0.0692  0.0525  0.0499  0.1725
 0.0000  0.0000  0.0023  0.0023  0.0023  0.0057  0.0034  0.0126  0.0195  0.0172  0.0206  0.0333  0.0505  0.0493  0.0516  0.0436  0.0378  0.0344  0.0356  0.0872
 0.0000  0.0000  0.0023  0.0070  0.0070  0.0023  0.0023  0.0070  0.0116  0.0070  0.0070  0.0070  0.0232  0.0278  0.0510  0.0673  0.0626  0.0603  0.0418  0.1160
 0.0000  0.0038  0.0000  0.0000  0.0000  0.0038  0.0038  0.0038  0.0000  0.0076  0.0153  0.0115  0.0267  0.0382  0.0496  0.0344  0.0534  0.0534  0.0534  0.1603
 0.0000  0.0000  0.0000  0.0022  0.0000  0.0000  0.0000  0.0022  0.0043  0.0043  0.0108  0.0237  0.0473  0.0409  0.0538  0.0516  0.0430  0.0538  0.0409  0.2667
 0.0000  0.0042  0.0000  0.0000  0.0085  0.0042  0.0000  0.0169  0.0000  0.0085  0.0169  0.0212  0.0254  0.0424  0.0763  0.0763  0.0424  0.0297  0.0508  0.2203
 0.0000  0.0000  0.0037  0.0075  0.0000  0.0037  0.0112  0.0187  0.0075  0.0149  0.0149  0.0336  0.0299  0.0299  0.0187  0.0261  0.0373  0.0373  0.0410  0.0933
#length proportions of fixed gear female bycatch (year*width 67.5-162.5)
 0.0000  0.0000  0.0000  0.0000  0.0000  0.0028  0.0147  0.0184  0.0220  0.0294  0.0340  0.0312  0.0487  0.0395  0.0239  0.0652  0.0000 0.0000 0.0000 0.0000
 0.0000  0.0000  0.0000  0.0036  0.0036  0.0036  0.0109  0.0201  0.0657  0.0657  0.0912  0.1058  0.1077  0.0620  0.0584  0.1241  0.0000 0.0000 0.0000 0.0000
 0.0000  0.0025  0.0008  0.0067  0.0076  0.0176  0.0202  0.0336  0.0579  0.0663  0.0999  0.0907  0.0739  0.0638  0.0428  0.1327  0.0000 0.0000 0.0000 0.0000
 0.0000  0.0000  0.0010  0.0027  0.0020  0.0104  0.0215  0.0262  0.0340  0.0346  0.0340  0.0572  0.0669  0.0649  0.0659  0.1237  0.0000 0.0000 0.0000 0.0000
 0.0056  0.0108  0.0224  0.0266  0.0243  0.0245  0.0249  0.0316  0.0354  0.0272  0.0251  0.0241  0.0296  0.0412  0.0334  0.0853  0.0000 0.0000 0.0000 0.0000
 0.0023  0.0061  0.0049  0.0014  0.0042  0.0056  0.0084  0.0229  0.0423  0.0537  0.0497  0.0502  0.0511  0.0560  0.0598  0.1623  0.0000 0.0000 0.0000 0.0000
 0.0002  0.0002  0.0002  0.0045  0.0072  0.0132  0.0228  0.0512  0.0745  0.0879  0.1082  0.1064  0.0767  0.0557  0.0586  0.1216  0.0000 0.0000 0.0000 0.0000
#length proportions of fixed gear male bycatch (year*width 67.5-162.5)
 0.0000  0.0000  0.0000  0.0000  0.0009  0.0009  0.0009  0.0101  0.0129  0.0129  0.0129  0.0202  0.0395  0.0606  0.0634  0.1093  0.0817  0.0735  0.0542  0.1166
 0.0073  0.0091  0.0073  0.0036  0.0036  0.0073  0.0055  0.0000  0.0073  0.0036  0.0109  0.0146  0.0255  0.0255  0.0201  0.0182  0.0164  0.0274  0.0182  0.0456
 0.0000  0.0000  0.0008  0.0017  0.0000  0.0025  0.0017  0.0025  0.0042  0.0025  0.0050  0.0067  0.0076  0.0185  0.0302  0.0235  0.0302  0.0285  0.0302  0.0865
 0.0000  0.0000  0.0003  0.0007  0.0013  0.0010  0.0047  0.0074  0.0114  0.0138  0.0225  0.0269  0.0316  0.0323  0.0377  0.0444  0.0377  0.0417  0.0340  0.1056
 0.0073  0.0097  0.0153  0.0253  0.0210  0.0185  0.0211  0.0215  0.0232  0.0264  0.0275  0.0327  0.0340  0.0303  0.0300  0.0265  0.0272  0.0256  0.0250  0.0798
 0.0019  0.0026  0.0040  0.0026  0.0033  0.0054  0.0089  0.0128  0.0121  0.0145  0.0191  0.0238  0.0285  0.0261  0.0233  0.0390  0.0287  0.0273  0.0250  0.1102
 0.0007  0.0011  0.0007  0.0022  0.0063  0.0098  0.0107  0.0130  0.0125  0.0192  0.0177  0.0170  0.0150  0.0143  0.0110  0.0076  0.0103  0.0083  0.0074  0.0262
#retained catch in number (millions of crabs)
    8.7452  10.6034 11.7331 14.7456 16.8086  20.8454  5.3079  0.5410 0.0000 0.7939 0.7961 2.0996  2.1224  1.2360 1.6848  3.130  2.661   1.208 2.270  0.0148  0.0141 1.264 1.338  2.238  1.923  1.272 1.2867 1.4844 2.5154 2.272 2.763  2.477  3.1543  3.064032 2.552947 2.409949 1.29775 1.175752 1.272273 1.501209  1.526974 0.0001
#retained catch in weight (million lbs)
   51.3263 63.9200 69.9679 87.6183 107.8281 129.9485 33.5914 3.0012 0.0000 4.1824 4.1750 11.3939 12.2891 7.3878 10.2648 20.443 17.384  8.117 14.682  0.0930 0.0800 8.514 8.9114 14.946 11.856 8.241 8.523 9.666 15.731 15.4470 18.518 15.748 20.5117 20.31796 16.03305 14.90662 7.95228  7.98455 8.798634 10.005943 10.171435 0.0001
#discarded pot female bycatch in million of crabs
     0.0     0.0     0.0     0.0     0.0      0.0      0.0     0.0    0.0    0.0    0.0    0.0     0.0     0.0    0.0     2.6708 0.4846  2.4086 2.8145 0.0    0.0   0.0100 0.0750 3.8965 0.0303 0.3040 0.7861 0.0476 2.1912 0.932 2.0387 0.2222 0.83389 0.666098 0.33234 0.477993 0.11586 0.049933 0.409135 0.280805 0.747306 0.0001
#discarded pot male bycatch in million of crabs
     0.0     0.0     0.0     0.0     0.0      0.0      0.0     0.0    0.0    0.0    0.0    0.0     0.0     0.0    0.0     1.7188  1.4537 2.3056 2.6880 0.0    0.0   0.5950 0.9100 3.1730 0.9220 1.3930 1.6235 1.5270 3.617  1.539 3.7923 1.8320 3.6198 3.786757 2.782675 2.480059 1.27996 0.64096  0.967328 1.480673 0.745056 0.0001
#total trawl bycatch in million of crabs
 #   0.0  0.3846  0.7877 0.6465 0.7362  1.1413  0.2671 0.7854 0.4928 1.1682 0.2747 0.1593 0.1245 0.4303 0.1092 0.1718 0.1835 0.2481 0.2810 0.0482 0.1066 0.0763 0.0490 0.0937 0.1105 0.0586 0.089955 0.076302 0.105493 0.075107 0.096834 0.07529 0.086417 0.093077 0.059585 0.058219 0.045916 0.038541 0.106439 0.14434 0.12585 0.0001
    0.0  0.3846  0.7877 0.6465 0.7362  1.1413  0.2671 0.7854 0.4928 1.1682 0.2747 0.1593 0.1245 0.4303 0.1092 0.1718 0.1835 0.2481 0.2810 0.0482 0.1066 0.0763 0.0490 0.0937 0.1105 0.0586 0.089955 0.076302 0.105493 0.075107 0.096834 0.07529 0.086417 0.093077 0.054235 0.055710 0.033823 0.019802 0.035606 0.019336 0.031503 0.0001
#total fixed gear bycatch in million of crabs
    0.0  0.0     0.0    0.0    0.0     0.0000  0.0000 0.0000 0.0000 0.0000 0.0000 0.0000 0.0000 0.0000 0.0000 0.0000 0.0000 0.0000 0.0000 0.0000 0.0000 0.0000 0.0000 0.0000 0.0000 0.0000 0.000000 0.000000 0.000000 0.000000 0.000000 0.00000 0.000000 0.000000 0.005298 0.002879 0.012087 0.018737 0.071086 0.125003 0.106041 0.0001
#survey numbers by year male+female millions of crab 1968-70, 1972-2010.
# 250.4392 309.8005 339.2874 305.5044 201.6936 212.6459 125.3430 224.5556 71.1642 277.9271 36.7171 41.0401 72.4004 44.4455 41.7301 43.8329 53.1139 27.8487 37.3032 19.2967 31.6429 44.4464 70.8614 67.9181 41.3735 52.8622 43.5622 66.2300 76.3463 85.2240 101.9823 81.5412 75.0389 81.3007 62.0899 52.5278 47.4111 43.7050 36.0499 74.2367
# 213.7184 332.4848 330.5037 305.5136 129.8428 214.3264 126.0965 229.6696 71.1642 309.5972 36.9891 41.3441 74.3132 45.5366 38.3638 45.9584 52.3802 28.0550 37.1191 19.4385 31.8756 44.7732 71.3825 68.4175 44.8449 51.7662 43.8825 66.7206 83.0563 108.4648 102.7322 80.3177 75.7354 78.4747 62.6122 53.7005 48.6549 44.0264 36.3150 74.7826
  213.7184 332.4848 330.5037 305.5517 129.8428 214.3264 124.0912 227.9324 71.1642 309.5972 36.9891 41.3441 74.3132 45.5366 38.3638 45.9584 52.3802 28.0550 37.1191 19.4385 31.8756 44.7732 71.3825 68.4175 44.8449 51.5842 43.8825 66.7206 83.0563 108.4648 102.7322 80.3177 75.7354 78.4747 62.6123 53.7005 48.6549 44.0264 36.3150 74.7826 38.7906 34.6215
#survey biomass cv(these are from the survey reports), default as 0.2.
#    0.188   0.169   0.141   0.155    0.133    0.221    0.121    0.259   0.216   0.678   0.158   0.428   0.209   0.217   0.214   0.214   0.441   0.174   0.174   0.173   0.276   0.201   0.263   0.178   0.161   0.178   0.178   0.203   0.164   0.163   0.173   0.122   0.135   0.104   0.287   0.150   0.141   0.162   0.245  0.191
#    0.188   0.169   0.141   0.155    0.133    0.221    0.121    0.259   0.216   0.678   0.158   0.428   0.209   0.217   0.214   0.214   0.441   0.174   0.174   0.173   0.276   0.201   0.263   0.178   0.161   0.178   0.178   0.203   0.164   0.163   0.173   0.122   0.135   0.104   0.287   0.150   0.141   0.162   0.245  0.191
#    0.192   0.212   0.147   0.155    0.181    0.224    0.185    0.259   0.216   0.612   0.158   0.428   0.210   0.216   0.231   0.247   0.460   0.174   0.208   0.172   0.275   0.200   0.262   0.177   0.194   0.216   0.177   0.202   0.322   0.339   0.172   0.153   0.165   0.189   0.278   0.210   0.203   0.160   0.244  0.191
#    0.192   0.212   0.147   0.155    0.181    0.224    0.185    0.259   0.216   0.612   0.158   0.428   0.210   0.216   0.231   0.247   0.460   0.174   0.208   0.172   0.275   0.200   0.262   0.177   0.194   0.216   0.177   0.202   0.322   0.339   0.172   0.153   0.165   0.189   0.278   0.210   0.203   0.160   0.244  0.191
#    0.193   0.144   0.152   0.144    0.164    0.221    0.190    0.251    0.214   0.606    0.159   0.420    0.209   0.228   0.232   0.242   0.443   0.175   0.198   0.174   0.267   0.203   0.265   0.182   0.204   0.222   0.187   0.202   0.283   0.321   0.172    0.170   0.210   0.225   0.326   0.223   0.211   0.232   0.244   0.191    0.208
#    0.193   0.144   0.152   0.144    0.164    0.221    0.190    0.251    0.214   0.606    0.159   0.420    0.209   0.228   0.232   0.242   0.443   0.175   0.198   0.174   0.267   0.203   0.265   0.182   0.204   0.222   0.187   0.202   0.283   0.321   0.172    0.170   0.210   0.225   0.326   0.223   0.211   0.232   0.244   0.191    0.208
     0.193   0.206   0.144   0.152    0.164    0.221    0.189    0.250    0.213   0.604    0.159   0.419    0.209   0.227   0.232   0.241   0.442   0.175   0.197   0.173   0.265   0.202   0.263   0.181   0.204   0.217   0.186   0.202   0.282   0.321   0.171    0.169   0.174   0.249   0.326   0.223   0.213   0.237   0.244   0.190    0.208   0.194
     0.193   0.206   0.144   0.152    0.164    0.221    0.189    0.250    0.213   0.604    0.159   0.419    0.209   0.227   0.232   0.241   0.442   0.175   0.197   0.173   0.265   0.202   0.263   0.181   0.204   0.217   0.186   0.202   0.282   0.321   0.171    0.169   0.174   0.249   0.326   0.223   0.213   0.237   0.244   0.190    0.208   0.194
#female wt(kg) at length parameters a,b wt=a*Length^b a=0.00002286 b=2.2338 (old), new: a=0.000408,b=3.127956 (<90mm), a=0.003593,b=2.666076 (>89m)
# 0.240 0.285 0.334 0.388 0.447 0.564 0.634 0.709 0.789 0.873 0.962 1.056 1.155 1.258 1.367 1.520 1.599 1.723 1.851 1.985
  0.21510 0.26898 0.33137 0.40294 0.48437 0.62711 0.72160 0.82452 0.93615 1.05678 1.18669 1.32613 1.47539 1.63473 1.80441 2.18315 2.18315 2.18315 2.18315 2.18315
#male wt(kg) at length parameters a,b  wt=a*Length^b a=0.000000361 b=3.16 (old), new: a=0.000403, b=3.141334
# 0.218 0.273 0.337 0.411 0.495 0.590 0.696 0.815 0.948 1.094 1.256 1.432 1.625 1.835 2.063 2.310 2.576 2.862 3.169 3.700
  0.22478 0.28135 0.34692 0.42221 0.50793 0.60480 0.71356 0.83495 0.96970 1.11856 1.28229 1.46163 1.65736 1.87023 2.10101 2.35048 2.61942 2.90861 3.21882 3.90595
#length bins
 67.5 72.5 77.5 82.5 87.5 92.5 97.5 102.5 107.5 112.5 117.5 122.5 127.5 132.5 137.5 142.5 147.5 152.5 157.5 162.5
#mean lengths of growth increments for length groups, 3 periods (68-82, 83-93, 94-08) for females and males.
13.8  12.2  10.5  8.4   7.5    7.0   6.6   6.1    5.6   5.1   4.6   4.1   3.6   3.2    2.7   2.2  1.7   1.2   0.7   0.4
15.4  13.8  12.2  10.5   8.9   7.9   7.2   6.6    6.1   5.6   5.1   4.6   4.1   3.6    3.2   2.7  2.2   1.7   1.2   0.7
15.1  14.0  12.9  11.8  10.6   8.7   7.4   6.6    6.1   5.6   5.1   4.6   4.1   3.6    3.2   2.7  2.2   1.7   1.2   0.7
16.5  16.5  16.4  16.3  16.3  16.2  16.2   16.1  16.1  16.0  16.0  15.9  15.8   15.8  15.7  15.7 15.6  15.6  15.5  15.5
#min and max growth increment per molt, females
4  4  4  3  3  2  2  2  1  1  1  1  1  1  1  1  1  1  1  1
27 25 23 21 19 16 15 14 13 12 11 10 9  8  7  4  4  4  4  4
#min and max growth increment per molt, males
#5  5  5  4  4  4  4  4  4  4  4  4  4  4  4  4  4  4  4  4
#29 29 29 29 29 29 28 28 28 28 28 28 28 28 28 28 28 28 28 28
5  5  5  5  5  5  5  5  5  5  5  5  5  5  5  5  5  5  5  5
#30 30 30 30 30 30 30 30 30 30 30 30 30 30 30 30 30 30 30 30
28 28 28 28 28 28 28 28 28 28 28 28 28 28 28 28 28 28 28 28
#mid-points of catch from the survey
 0.2329  0.2795  0.3233  0.2548  0.2493  0.2493  0.2493  0.2356  0.24    0.2712  0.2438  0.2521  0.2493  0.2438  0.2493  0.3507  0.3425  0.3425  0.3452  0.34  0.34  0.34  0.34  0.34  0.3 0.3 0.3 0.3 0.3 0.3 0.3 0.3 0.3 0.3 0.3 0.3 0.3 0.3 0.3 0.3 0.3 0.3
#Japanese fishery CPUE (crab/tan)
# 15.8 12.9 11.3 8.6 8.5 7.7 8.1 6.3 7.8 5.6 5.6 5.8 5.6
#15.2 11.8 11.3 8.5 9.2 9.3 9.4 8.3 7.5 7.2 7.3 6.7 6.7
#Nat mort for males
#0.2 1.00 0.20  0.10
#nat mort for females
#0.48 1.75 0.35 0.05
# proportions of survey abundance in 1975: females, newshell males, and oldshell males
0.04794 0.05637 0.05349 0.04737 0.05315 0.04089 0.03839 0.03829 0.02918 0.02466 0.01419 0.01357 0.00970 0.00422 0.00251 0.00290 0.00000 0.00000 0.00000 0.00000
0.03434 0.06122 0.03634 0.03703 0.03629 0.02685 0.02747 0.02044 0.02199 0.02522 0.02321 0.02321 0.02484 0.02294 0.01909 0.01970 0.01621 0.00957 0.00661 0.01009
0.00000 0.00011 0.00000 0.00021 0.00000 0.00011 0.00000 0.00085 0.00064 0.00148 0.00085 0.00137 0.00165 0.00136 0.00194 0.00357 0.00184 0.00197 0.00183 0.00075
# proportions of foreign retained catch during 1968-1972
0.76666 0.48162 0.56738 0.28486 0.1717
# BSFRF capture probability, combined males and females
0.4620 0.4859 0.5099 0.5339 0.5577 0.5812 0.6044 0.6271 0.6493 0.6708 0.6916 0.7117 0.7310 0.7495 0.7671 0.7838 0.7996 0.8146 0.8286 0.8418
#number of years of BSFRF survey data
 6
#years when have survey data
2007 2008 2013  2014  2015  2016
#observed sample sizes,female 1 and male 2
 623 796  113   205   183    198
 628 907  190   218   212    96
#weight for each length comp by sex for length data,female 1 and male 2
 200  200  200  200  200  200
 200  200  200  200  200  200
#total survey abundance from BSFRF surveys
 102.962248     83.589537  56.9535  77.5749  66.5579  47.4232
#survey biomass cv from BSFRF surveys /init_vector cv_bsfrf(1,nobs_bsfrf)
 0.116374708  0.093891384  0.208998408 0.192128166  0.160662246  0.21959581
#bsfrf survey length data for female, year then bin / init_matrix obs_p_bsfrf_f(1,nobs_bsfrf,1,nlenm)
0.0007  0.0016  0.0044  0.0198  0.0302  0.0705  0.0563  0.0345  0.0364  0.0493  0.0501  0.0448  0.0272  0.0183  0.0152  0.0243  0.0000  0.0000  0.0000  0.0000
0.0004  0.0013  0.0088  0.0142  0.0286  0.0483  0.0754  0.0687  0.0463  0.0386  0.0411  0.0357  0.0210  0.0179  0.0126  0.0150  0.0000  0.0000  0.0000  0.0000
0.0035  0.0000  0.0191  0.0258  0.0176  0.0105  0.0094  0.0407  0.0240  0.0291  0.0308  0.0216  0.0232  0.0403  0.0392  0.0483  0.0000  0.0000  0.0000  0.0000
0.0000  0.0037  0.0071  0.0037  0.0140  0.0310  0.0238  0.0415  0.0457  0.0708  0.0481  0.0279  0.0385  0.0448  0.0324  0.0707  0.0000  0.0000  0.0000  0.0000
0.0116  0.0324  0.0231  0.0069  0.0153  0.0112  0.0042  0.0231  0.0361  0.0358  0.0427  0.0364  0.0528  0.0366  0.0208  0.0575  0.0000  0.0000  0.0000  0.0000
0.0039  0.0178  0.0039  0.0263  0.0030  0.0124  0.0096  0.0168  0.0422  0.0514  0.0826  0.1077  0.0720  0.0780  0.0429  0.1016  0.0000  0.0000  0.0000  0.0000
#bsfrf survey length data for male, year then bin  /init_matrix obs_p_bsfrf_m(1,nobs_bsfrf,1,nlenm)
0.0045  0.0074  0.0103  0.0155  0.0198  0.0321  0.0532  0.0491  0.0443  0.0354  0.0268  0.0231  0.0236  0.0256  0.0223  0.0320  0.0246  0.0218  0.0170  0.0278
0.0017  0.0010  0.0093  0.0119  0.0175  0.0279  0.0267  0.0348  0.0428  0.0596  0.0581  0.0455  0.0371  0.0284  0.0218  0.0211  0.0156  0.0157  0.0202  0.0294
0.0000  0.0073  0.0145  0.0291  0.0102  0.0136  0.0205  0.0341  0.0357  0.0458  0.0448  0.0383  0.0420  0.0348  0.0206  0.0149  0.0337  0.0426  0.0358  0.0986
0.0000  0.0000  0.0030  0.0101  0.0118  0.0448  0.0546  0.0423  0.0470  0.0164  0.0221  0.0321  0.0226  0.0369  0.0220  0.0282  0.0257  0.0260  0.0116  0.0390
0.0208  0.0463  0.0370  0.0162  0.0069  0.0162  0.0119  0.0174  0.0355  0.0206  0.0274  0.0357  0.0228  0.0262  0.0131  0.0428  0.0215  0.0327  0.0396  0.0627
0.0138  0.0039  0.0200  0.0193  0.0104  0.0122  0.0064  0.0126  0.0062  0.0034  0.0068  0.0134  0.0204  0.0100  0.0110  0.0254  0.0230  0.0215  0.0249  0.0774
#sbs capture probability, females, years (2013-15) and bin
#0.1491  0.1156  0.3106  0.2764  0.2420  0.7030  1.3728  0.5758  1.1406  0.9850  0.6118  0.8885  1.2278  0.7774  0.6583  1.0375  0.0000  0.0000  0.0000  0.0000
#0.2598  0.0000  0.1652  1.0312  0.6283  0.8024  0.8691  0.7323  1.0441  1.0493  1.1404  1.5745  0.7491  0.8571  1.5332  1.1712  0.0000  0.0000  0.0000  0.0000
#0.3706  0.2312  0.2765  0.4609  0.4559  0.5919  1.4763  0.5703  0.6061  0.7508  0.8197  1.0708  0.5866  0.8006  0.9927  0.8141  0.0000  0.0000  0.0000  0.0000
#0.3706  0.2312  0.2765  0.4609  0.4559  0.5919  1.4763  0.5703  0.6061  0.7508  0.8197  1.0708  0.5866  0.8006  0.9927  0.8141  0.0000  0.0000  0.0000  0.0000
#sbs capture probability, males, years (2013-15) and bin
#0.2937  0.2226  0.5408  0.3178  0.6317  0.8146  0.4171  0.4397  0.4993  0.3632  0.4594  0.5793  0.4599  0.5699  1.0657  1.3492  0.6262  0.6317  0.6885  0.4789
#0.2937  0.2416  0.8276  0.2864  1.3029  0.6739  0.7708  0.7927  0.6319  1.1034  1.0046  0.9505  1.4099  0.7953  1.5894  0.8344  0.8405  0.6854  1.3112  0.9234
#0.2937  0.2605  0.1616  0.3358  0.3904  0.3963  0.6923  0.4980  0.3755  0.4427  0.5570  0.3312  0.5809  0.6724  0.9697  0.4303  0.7055  0.3960  0.3546  0.6291
#0.2937  0.2605  0.1616  0.3358  0.3904  0.3963  0.6923  0.4980  0.3755  0.4427  0.5570  0.3312  0.5809  0.6724  0.9697  0.4303  0.7055  0.3960  0.3546  0.6291
#sbs capture probability std, females, years (2013-15) and bin
#0.123   23.116  0.257   0.114   0.200   0.581   1.135   0.253   0.943   0.505   0.506   0.735   1.015   0.643   0.544   0.270   0.000   0.000   0.000   0.000
#25.985  23.116  0.137   0.853   0.519   0.663   0.719   0.606   0.301   0.251   0.208   0.628   0.414   0.479   0.934   0.322   0.000   0.000   0.000   0.000
#0.306   0.191   0.229   0.381   0.377   0.489   1.221   0.472   0.232   0.564   0.221   0.335   0.218   0.189   0.821   0.244   0.000   0.000   0.000   0.000
#0.306   0.191   0.229   0.381   0.377   0.489   1.221   0.472   0.232   0.564   0.221   0.335   0.218   0.189   0.821   0.244   0.000   0.000   0.000   0.000
#sbs capture probability std, males, years (2013-15) and bin
#29.367  0.180   0.437   0.257   0.510   0.658   0.337   0.254   0.247   0.155   0.122   0.277   0.171   0.287   0.861   1.089   0.290   0.282   0.291   0.098
#29.367  24.157  0.668   0.231   1.052   0.544   0.268   0.342   0.200   0.891   0.501   0.310   0.701   0.186   1.283   0.392   0.605   0.336   1.059   0.341
#0.237   0.210   0.131   0.271   0.315   0.320   0.559   0.402   0.303   0.357   0.337   0.194   0.469   0.494   0.783   0.148   0.515   0.177   0.128   0.269
#0.237   0.210   0.131   0.271   0.315   0.320   0.559   0.402   0.303   0.357   0.337   0.194   0.469   0.494   0.783   0.148   0.515   0.177   0.128   0.269
#mature male abundances and cv
#2.331 19.747
#0.0634 0.0765
# maximum catchability at 162.5 mm and its St. Dev.
 0.896 0.025
#  0.896 0.0125
#  0.896 0.05
