# Number of parameters = 290 Objective function value = -55191.8  Maximum gradient component = 0.000953232
# M0:
0.180000000000
# Mm:
0.457792557503
# Mf:
0.799747613913
# Mm1:
5.00000000000e-009
# Mf1:
0.0911755638606
# log_betal:
 0.310183666489 0.627165363444
# log_betar:
 -0.617001581154 -0.591890422061
# a_bsfrf:
7.71834585906e-007
# moltp_am:
 0.130733754772 0.0980903994798
# log_moltp_bm:
 4.98443650393 4.94823549151
# n68:
19.9722700848
# log_avg_sel50:
4.92106078651
# sel50_dev:
 0.00000000000 0.00000000000 0.00000000000 0.00000000000 0.00000000000 0.00000000000 0.00000000000 0.00000000000 0.00000000000 0.00000000000 0.00000000000 0.00000000000 0.00000000000 0.00000000000 0.00000000000 0.00000000000 0.00000000000 0.00000000000 0.00000000000 0.00000000000 0.00000000000 0.00000000000 0.00000000000 0.00000000000 0.00000000000 0.00000000000 0.00000000000 0.00000000000 0.00000000000 0.00000000000 0.00000000000 0.00000000000 0.00000000000 0.00000000000 0.00000000000 0.00000000000 0.00000000000 0.00000000000 0.00000000000 0.00000000000 0.00000000000 0.00000000000
# fish_slope:
0.532477802212
# ret_a:
-0.324423159246
# ret_b:
0.00364536015487
# ret_c:
-0.0149260119770
# fish_disc_slope_f:
0.192417348591
# log_fish_disc_sel50_f:
4.43694005503
# fish_disc_sel50_dev_f:
 0.00000000000 0.00000000000 0.00000000000 0.00000000000 0.00000000000 0.00000000000 0.00000000000 0.00000000000 0.00000000000 0.00000000000 0.00000000000 0.00000000000 0.00000000000 0.00000000000 0.00000000000 0.00000000000 0.00000000000 0.00000000000 0.00000000000 0.00000000000 0.00000000000 0.00000000000 0.00000000000 0.00000000000
# fish_disc_slope_t:
0.0598504531927
# log_fish_disc_sel50_t:
5.01044370957
# fish_disc_slope_fi:
0.0452727201916
# log_fish_disc_sel50_fi:
4.89077488572
# fish_disc_sel50_dev_tm:
 0.00000000000 0.00000000000 0.00000000000 0.00000000000 0.00000000000 0.00000000000 0.00000000000 0.00000000000 0.00000000000 0.00000000000 0.00000000000 0.00000000000 0.00000000000 0.00000000000 0.00000000000 0.00000000000 0.00000000000 0.00000000000 0.00000000000 0.00000000000 0.00000000000 0.00000000000 0.00000000000 0.00000000000 0.00000000000 0.00000000000 0.00000000000 0.00000000000 0.00000000000 0.00000000000 0.00000000000 0.00000000000 0.00000000000 0.00000000000 0.00000000000 0.00000000000 0.00000000000 0.00000000000 0.00000000000
# log_srv1_sel50_m:
4.33687078211
# srv1_slope_f:
0.0356945453609
# log_srv1_sel50_f:
4.47800047246
# log_srv2_sel50_m:
4.34693731073
# srv2_slope_f:
0.0696202055143
# log_srv2_sel50_f:
4.47615873971
# log_srv3_sel50_m:
4.31513322229
# srv3_slope_f:
0.0655842201130
# log_srv3_sel50_f:
4.25052103190
# fish_tc_slope_f:
0.378879450064
# log_fish_tc_sel50_f:
4.53233126498
# fish_tc_slope_m:
0.243479058735
# log_fish_tc_sel50_m:
4.57175314623
# log_Ftcm:
 -4.11491344126 -6.08875692864 -6.81047653225 -8.26895214262 -7.40683117883 -6.99478428515
# log_Ftcf:
 -2.91069668575 -4.55628266762 -6.44044351385 -7.72196247876 -7.57574493640 -6.54271030894
# qm2:
0.964321133523
# qm3:
1.00000000000
# mean_log_rec:
15.8259394379
# rec_devf:
 -0.0127544234008 0.524866837088 0.455647812484 0.722890070252 0.224294507973 0.0800890161066 0.0844818838349 0.0123758265142 0.456502582440 0.132379084736 0.578980001862 -0.0496389456924 0.306377900777 0.107638142134 -0.0240809411052 -0.0643233012825 -0.549947915539 -0.252512743534 -0.413650381030 0.0318992978543 -0.814491264511 -0.885892139661 -0.307599373240 0.0803003033935 -0.0962612055267 0.676274059279 0.226590712611 -0.0419592075237 -0.201336866907 0.338519744479 -0.727364287059 -0.269432793517 0.146117093886 0.285533462605 0.0259640039041 0.139852107915 -0.0656744202198 -0.587638706169 -0.164984451219 -0.127426949355 0.0193958643626
# rec_devm:
 0.812948515241 0.679519447800 0.888962112119 1.16670077633 1.36422412138 0.552570063005 2.13465444582 1.46044045899 1.48704185907 -0.625017614188 0.731402965542 -0.150086917023 -0.846482568868 -0.705043067854 0.440426252515 -0.0184559282753 -1.76671028483 -0.251897581039 -2.11631555195 1.31862682000 -0.500798183411 -1.38054724382 -0.112936350743 0.718073474989 -0.226263685699 -0.886988542327 1.16518928896 -0.584079613106 0.150858708840 1.07651247397 0.468722677255 -0.101299314761 -0.564413615724 -0.545385102107 0.0519050612777 -0.0251344540937 -0.335009291869 -0.518521217623 -1.82823429849 -0.992124316408 -1.58703477890
# log_avg_fmort:
-1.94467018943
# fmort_dev:
 1.15912694865 1.12123245121 1.09331058301 1.28969823219 1.54987997689 2.34495105611 2.42793862710 0.586813869941 -10.1995056967 0.935256028285 1.04595669221 1.60386604093 1.21713399099 0.245163139890 0.330628453567 0.933145432166 0.914174364271 0.396407440918 1.04959752562 -4.09693352004 -4.44574391573 0.0992619556860 0.209189781351 0.907692971455 0.461616058394 0.0847838559570 0.101757535837 0.204001191668 0.727397838702 0.586981288970 1.00915722375 0.725412440100 1.04851711070 1.14045259768 0.842043497755 0.696565920548 0.0152416222575 -0.0927682032500 0.0837968598850 0.322914759595 0.277680423974 -10.9537944525
# factor_fmortdf:
0.0114815450661
# fmortdf_dev:
 1.99550147795 -0.135867669088 2.16672137477 2.04383363990 1.42273916758 1.54673817003 -3.65222746985 -0.999844944209 2.06630370366 -2.06671471113 -0.260978679331 1.10611709928 -2.22570811741 1.18171329437 0.384814907857 0.905264665189 -1.50551346829 -0.281165295256 -0.598339690580 -0.827454503827 -0.285787079146 -1.21240317991 -1.75219219634 0.189056206219 -0.137842895387 0.933793859656 -0.000557666702716
# fmortdm_dev:
 0.00000000000 0.00000000000 0.00000000000 0.00000000000 0.00000000000 0.00000000000 0.00000000000 0.00000000000 0.00000000000 0.00000000000 0.00000000000 0.00000000000 0.00000000000 0.00000000000 0.00000000000 0.00000000000 0.00000000000 0.00000000000 0.00000000000 0.00000000000 0.00000000000 0.00000000000 0.00000000000 0.00000000000 0.00000000000 0.00000000000 0.00000000000
# log_avg_fmortt:
-5.24510948024
# fmortt_dev:
 0.307440493840 0.813737601657 0.798769151650 0.828800791113 0.863818460488 0.482773416790 2.25513209134 2.11856876854 3.07199182820 2.03016781754 0.957378367188 0.638097564905 1.59531194640 0.161900992931 0.437896434960 0.771212922313 0.948929002448 1.22738732563 -0.244389213312 0.370318446464 -0.352043567212 -0.729620672340 0.00512642468553 0.235406331409 -0.529053199169 -0.0891017682913 -0.185852844806 -0.122236770327 -0.463803750316 -0.229432912575 -0.510144164897 -0.394493801374 -0.255412151873 -0.788468401398 -0.959279642159 -1.35000522658 -1.87810033234 -1.18588206258 -1.80187071146 -1.55586439112 -7.29511059636
# log_avg_fmortf:
-8.49999999336
# fmortf_dev:
 -0.705771634280 -1.59342101081 -0.0631898047440 0.466530283532 1.57868936883 2.37190007105 2.00050267406 -4.05523994764
# first_males:
 0.00000000000 0.00000000000 0.00000000000 0.00000000000 0.00000000000 0.00000000000 0.00000000000 0.00000000000 0.00000000000 0.00000000000 0.00000000000 0.00000000000 0.00000000000 0.00000000000 0.00000000000 0.00000000000 0.00000000000 0.00000000000 0.00000000000 0.00000000000
# first_females:
 0.00000000000 0.00000000000 0.00000000000 0.00000000000 0.00000000000 0.00000000000 0.00000000000 0.00000000000 0.00000000000 0.00000000000 0.00000000000 0.00000000000 0.00000000000 0.00000000000 0.00000000000 0.00000000000
# f_year:
 1.15161519200 1.18374249343 0.525872336353 0.607344197557 0.423114707927 0.234342296617 0.242830330970 0.0326073447168 0.110830004705 0.242371350708 0.0414941809408 0.0778232787616 -0.00943820463648 -0.0289617414240 -0.147402453640 -0.285973069166 -0.476179463206 -0.822448570537 -1.37373244660 -1.41693706658 1.61522362861 1.51762825012 1.48108268916 1.31628455680 1.26682294400 0.812207572187 0.445425782422 0.155403405512 0.00317413327041 -0.230128380933 -0.818472821225 -0.918079225436 -1.20254580639 -2.12311228485 -2.14906551464
# hg1:
0.278500000000
# hg2:
0.0440000000000
# hg3:
0.0197000000000
# hg4:
0.0198750000000
# hg5:
0.0327500000000
# hg6:
0.0153200000000
# hg7:
0.0112500000000
# hg8:
0.0240450000000
# hg9:
0.0632000000000
# hg10:
0.160500000000
# hg11:
0.0709500000000
