# syr
1978
# nyr
2017
# pyr
2018
# nseason
5
# nfleet
5
# nsex
1
# nshell
1
# nmature
1
# nclass
3
# season_recruitment
5
# season_growth
5
# season_ssb
4
# season_N
1
# size_breaks
 90 105 120 135
# lw_type
3
# lw_alfa
 4.03e-07
# lw_beta
 3.14133
# mean_wt_in
 0.000748427 0.00116573 0.00193051
 0.000748427 0.00116573 0.00168889
 0.000748427 0.00116573 0.00192225
 0.000748427 0.00116573 0.00187796
 0.000748427 0.00116573 0.00193863
 0.000748427 0.00116573 0.00207641
 0.000748427 0.00116573 0.00189933
 0.000748427 0.00116573 0.00211669
 0.000748427 0.00116573 0.00193878
 0.000748427 0.00116573 0.00193976
 0.000748427 0.00116573 0.00187107
 0.000748427 0.00116573 0.0019983
 0.000748427 0.00116573 0.00187042
 0.000748427 0.00116573 0.00196941
 0.000748427 0.00116573 0.00192686
 0.000748427 0.00116573 0.00202149
 0.000748427 0.00116573 0.00193132
 0.000748427 0.00116573 0.00201441
 0.000748427 0.00116573 0.00197747
 0.000748427 0.00116573 0.00209925
 0.000748427 0.00116573 0.00198248
 0.000748427 0.00116573 0.00193093
 0.000748427 0.00116573 0.00193093
 0.000748427 0.00116573 0.00193093
 0.000748427 0.00116573 0.00193093
 0.000748427 0.00116573 0.00193093
 0.000748427 0.00116573 0.00193093
 0.000748427 0.00116573 0.00193093
 0.000748427 0.00116573 0.00193093
 0.000748427 0.00116573 0.00193093
 0.000748427 0.00116573 0.00193093
 0.000748427 0.00116573 0.00189163
 0.000748427 0.00116573 0.00179572
 0.000748427 0.00116573 0.00182311
 0.000748427 0.00116573 0.00180743
 0.000748427 0.00116573 0.00193093
 0.000748427 0.00116573 0.00189463
 0.000748427 0.00116573 0.00185061
 0.000748427 0.00116573 0.00193093
 0.000748427 0.00116573 0.00193093
# fecundity
 0 0.00116573 0.00194591
# maturity
 0 1 1
# m_prop_type
2
# m_prop_in
 0 0.07 0 0.56 0.37
 0 0.06 0 0.57 0.37
 0 0.07 0 0.56 0.37
 0 0.05 0 0.58 0.37
 0 0.07 0 0.56 0.37
 0 0.12 0 0.51 0.37
 0 0.1 0 0.53 0.37
 0 0.14 0 0.49 0.37
 0 0.14 0 0.49 0.37
 0 0.14 0 0.49 0.37
 0 0.14 0 0.49 0.37
 0 0.14 0 0.49 0.37
 0 0.14 0 0.49 0.37
 0 0.18 0 0.45 0.37
 0 0.14 0 0.49 0.37
 0 0.18 0 0.45 0.37
 0 0.18 0 0.45 0.37
 0 0.18 0 0.45 0.37
 0 0.18 0 0.45 0.37
 0 0.18 0 0.45 0.37
 0 0.18 0 0.45 0.37
 0 0.18 0 0.45 0.37
 0 0.18 0 0.45 0.37
 0 0.18 0 0.45 0.37
 0 0.18 0 0.45 0.37
 0 0.18 0 0.45 0.37
 0 0.18 0 0.45 0.37
 0 0.18 0 0.45 0.37
 0 0.18 0 0.45 0.37
 0 0.18 0 0.45 0.37
 0 0.18 0 0.45 0.37
 0 0.44 0 0.19 0.37
 0 0.44 0 0.19 0.37
 0 0.44 0 0.19 0.37
 0 0.44 0 0.19 0.37
 0 0.44 0 0.19 0.37
 0 0.44 0 0.19 0.37
 0 0.44 0 0.19 0.37
 0 0.44 0 0.19 0.37
 0 0.44 0 0.19 0.37
# maturity
 0 1 1
# name_read_flt
Pot_Fishery:Trawl_Bycatch:Fixed_bycatch
# name_read_srv
NMFS_Trawl:ADFG_Pot
# nCatchDF
4
# nCatchRows
 28 16 26 26
# dCatchData
 1978 2 1 1 436126 0.03 1 2 1 0 0
 1979 2 1 1 52966 0.03 1 2 1 0 0
 1980 2 1 1 33162 0.03 1 2 1 0 0
 1981 2 1 1 1.04562e+06 0.03 1 2 1 0 0
 1982 2 1 1 1.93589e+06 0.03 1 2 1 0 0
 1983 2 1 1 1.93199e+06 0.03 1 2 1 0 0
 1984 2 1 1 841017 0.03 1 2 1 0 0
 1985 2 1 1 436021 0.03 1 2 1 0 0
 1986 2 1 1 219548 0.03 1 2 1 0 0
 1987 2 1 1 227447 0.03 1 2 1 0 0
 1988 2 1 1 280401 0.03 1 2 1 0 0
 1989 2 1 1 247641 0.03 1 2 1 0 0
 1990 2 1 1 391405 0.03 1 2 1 0 0
 1991 2 1 1 726519 0.03 1 2 1 0 0
 1992 2 1 1 545222 0.03 1 2 1 0 0
 1993 2 1 1 630353 0.03 1 2 1 0 0
 1994 2 1 1 827015 0.03 1 2 1 0 0
 1995 2 1 1 666905 0.03 1 2 1 0 0
 1996 2 1 1 660665 0.03 1 2 1 0 0
 1997 2 1 1 939822 0.03 1 2 1 0 0
 1998 2 1 1 635370 0.03 1 2 1 0 0
 2009 2 1 1 103376 0.03 1 2 1 0 0
 2010 2 1 1 298669 0.03 1 2 1 0 0
 2011 2 1 1 437862 0.03 1 2 1 0 0
 2012 2 1 1 379386 0.03 1 2 1 0 0
 2014 2 1 1 69109 0.03 1 2 1 0 0
 2015 2 1 1 24407 0.03 1 2 1 0 0
 2016 2 1 1 24.407 0.03 1 2 1 0 0
 1990 2 1 1 254.979 0.6 2 1 1 0 0.2
 1991 2 1 1 531.448 0.6 2 1 1 0 0.2
 1992 2 1 1 1050.39 0.6 2 1 1 0 0.2
 1993 2 1 1 951.463 0.6 2 1 1 0 0.2
 1994 2 1 1 1210.76 0.6 2 1 1 0 0.2
 1995 2 1 1 363.112 0.6 2 1 1 0 0.2
 1996 2 1 1 528.524 0.6 2 1 1 0 0.2
 1997 2 1 1 1382.83 0.6 2 1 1 0 0.2
 1998 2 1 1 781.103 0.6 2 1 1 0 0.2
 2009 2 1 1 123.371 0.2 2 1 1 0 0.2
 2010 2 1 1 304.656 0.2 2 1 1 0 0.2
 2011 2 1 1 481.357 0.2 2 1 1 0 0.2
 2012 2 1 1 437.336 0.2 2 1 1 0 0.2
 2014 2 1 1 45.484 0.2 2 1 1 0 0.2
 2015 2 1 1 21.1938 0.2 2 1 1 0 0.2
 2016 2 1 1 0.0211938 0.2 2 1 1 0 0.2
 1991 2 2 1 3.538 0.31 2 1 1 0 0.8
 1992 2 2 1 1.996 0.31 2 1 1 0 0.8
 1993 2 2 1 1.542 0.31 2 1 1 0 0.8
 1994 2 2 1 0.318 0.31 2 1 1 0 0.8
 1995 2 2 1 0.635 0.31 2 1 1 0 0.8
 1996 2 2 1 0.5 0.31 2 1 1 0 0.8
 1997 2 2 1 0.5 0.31 2 1 1 0 0.8
 1998 2 2 1 0.5 0.31 2 1 1 0 0.8
 1999 2 2 1 0.5 0.31 2 1 1 0 0.8
 2000 2 2 1 0.5 0.31 2 1 1 0 0.8
 2001 2 2 1 0.5 0.31 2 1 1 0 0.8
 2002 2 2 1 0.726 0.31 2 1 1 0 0.8
 2003 2 2 1 0.998 0.31 2 1 1 0 0.8
 2004 2 2 1 0.091 0.31 2 1 1 0 0.8
 2005 2 2 1 0.5 0.31 2 1 1 0 0.8
 2006 2 2 1 2.812 0.31 2 1 1 0 0.8
 2007 2 2 1 0.045 0.31 2 1 1 0 0.8
 2008 2 2 1 0.272 0.31 2 1 1 0 0.8
 2009 2 2 1 0.635 0.31 2 1 1 0 0.8
 2010 2 2 1 0.363 0.31 2 1 1 0 0.8
 2011 2 2 1 0.181 0.31 2 1 1 0 0.8
 2012 2 2 1 0.1 0.31 2 1 1 0 0.8
 2013 2 2 1 0.4 0.31 2 1 1 0 0.8
 2014 2 2 1 0.1 0.31 2 1 1 0 0.8
 2015 2 2 1 0.1 0.31 2 1 1 0 0.8
 2016 2 2 1 0.1 0.31 2 1 1 0 0.8
 1991 2 3 1 0.045 0.31 2 1 1 0 0.5
 1992 2 3 1 2.268 0.31 2 1 1 0 0.5
 1993 2 3 1 0.5 0.31 2 1 1 0 0.5
 1994 2 3 1 0.091 0.31 2 1 1 0 0.5
 1995 2 3 1 0.136 0.31 2 1 1 0 0.5
 1996 2 3 1 0.045 0.31 2 1 1 0 0.5
 1997 2 3 1 0.181 0.31 2 1 1 0 0.5
 1998 2 3 1 0.907 0.31 2 1 1 0 0.5
 1999 2 3 1 1.361 0.31 2 1 1 0 0.5
 2000 2 3 1 0.5 0.31 2 1 1 0 0.5
 2001 2 3 1 0.862 0.31 2 1 1 0 0.5
 2002 2 3 1 0.408 0.31 2 1 1 0 0.5
 2003 2 3 1 1.134 0.31 2 1 1 0 0.5
 2004 2 3 1 0.635 0.31 2 1 1 0 0.5
 2005 2 3 1 0.59 0.31 2 1 1 0 0.5
 2006 2 3 1 1.451 0.31 2 1 1 0 0.5
 2007 2 3 1 69.717 0.31 2 1 1 0 0.5
 2008 2 3 1 6.622 0.31 2 1 1 0 0.5
 2009 2 3 1 7.53 0.31 2 1 1 0 0.5
 2010 2 3 1 9.571 0.31 2 1 1 0 0.5
 2011 2 3 1 1.8 0.31 2 1 1 0 0.5
 2012 2 3 1 1.6 0.31 2 1 1 0 0.5
 2013 2 3 1 0.8 0.31 2 1 1 0 0.5
 2014 2 3 1 1.1 0.31 2 1 1 0 0.5
 2015 2 3 1 1.6 0.31 2 1 1 0 0.5
 2016 2 3 1 3.6 0.31 2 1 1 0 0.5
# nSurveys
2
# nSurveyRows
 40 9
# dSurveyData
 1978 1 4 1 6832.82 0.394 1
 1979 1 4 1 7989.88 0.463 1
 1980 1 4 1 9986.83 0.507 1
 1981 1 4 1 6551.13 0.402 1
 1982 1 4 1 16221.9 0.344 1
 1983 1 4 1 9634.25 0.298 1
 1984 1 4 1 4071.22 0.179 1
 1985 1 4 1 3110.54 0.21 1
 1986 1 4 1 1416.85 0.388 1
 1987 1 4 1 2278.92 0.291 1
 1988 1 4 1 3158.17 0.252 1
 1989 1 4 1 6338.62 0.271 1
 1990 1 4 1 6730.13 0.274 1
 1991 1 4 1 6948.18 0.248 1
 1992 1 4 1 7093.27 0.201 1
 1993 1 4 1 9548.46 0.169 1
 1994 1 4 1 6539.13 0.176 1
 1995 1 4 1 5703.59 0.178 1
 1996 1 4 1 9410.4 0.241 1
 1997 1 4 1 10924.1 0.337 1
 1998 1 4 1 7976.84 0.355 1
 1999 1 4 1 1594.55 0.182 1
 2000 1 4 1 2096.8 0.31 1
 2001 1 4 1 2831.44 0.245 1
 2002 1 4 1 1732.6 0.32 1
 2003 1 4 1 1566.67 0.336 1
 2004 1 4 1 1523.87 0.305 1
 2005 1 4 1 1642.02 0.371 1
 2006 1 4 1 3893.88 0.334 1
 2007 1 4 1 6470.77 0.385 1
 2008 1 4 1 4654.47 0.284 1
 2009 1 4 1 6301.47 0.256 1
 2010 1 4 1 11130.9 0.466 1
 2011 1 4 1 10931.2 0.558 1
 2012 1 4 1 6200.22 0.339 1
 2013 1 4 1 2287.56 0.217 1
 2014 1 4 1 6029.22 0.449 1
 2015 1 4 1 5877.43 0.77 1
 2016 1 4 1 3485.91 0.393 1
 2017 1 4 1 1793.76 0.599 1
 1995 1 5 1 12042 0.13 2
 1998 1 5 1 12531 0.06 2
 2001 1 5 1 8477 0.08 2
 2004 1 5 1 1667 0.15 2
 2007 1 5 1 8643 0.09 2
 2010 1 5 1 10209 0.13 2
 2013 1 5 1 5643 0.19 2
 2015 1 5 1 2805 0.18 2
 2016 1 5 1 2378 0.186 2
# nSizeComps_in
3
# nSizeCompRows_in
 15 40 9
# nSizeCompCols_in
 3 3 3
# d3_SizeComps_in
 1990 2 1 1 0 0 0 15 0.1133 0.3933 0.4933
 1991 2 1 1 0 0 0 25 0.1329 0.1768 0.6902
 1992 2 1 1 0 0 0 25 0.1905 0.2677 0.5417
 1993 2 1 1 0 0 0 25 0.2807 0.2097 0.5096
 1994 2 1 1 0 0 0 25 0.2942 0.2714 0.4344
 1995 2 1 1 0 0 0 25 0.1478 0.2127 0.6395
 1996 2 1 1 0 0 0 25 0.1595 0.2229 0.6176
 1997 2 1 1 0 0 0 25 0.1818 0.2053 0.6128
 1998 2 1 1 0 0 0 25 0.1927 0.2162 0.5911
 2009 2 1 1 0 0 0 50 0.1413 0.3235 0.5352
 2010 2 1 1 0 0 0 50 0.1314 0.3152 0.5534
 2011 2 1 1 0 0 0 50 0.1314 0.3051 0.5636
 2012 2 1 1 0 0 0 50 0.1417 0.3178 0.5406
 2014 2 1 1 0 0 0 50 0.0939 0.2275 0.6786
 2015 2 1 1 0 0 0 50 0.1148 0.2518 0.6333
 1978 1 4 1 0 0 0 50 0.3865 0.3478 0.2657
 1979 1 4 1 0 0 0 50 0.4281 0.319 0.2529
 1980 1 4 1 0 0 0 50 0.3588 0.322 0.3192
 1981 1 4 1 0 0 0 50 0.1219 0.3065 0.5716
 1982 1 4 1 0 0 0 50 0.1671 0.2435 0.5893
 1983 1 4 1 0 0 0 50 0.1752 0.2726 0.5522
 1984 1 4 1 0 0 0 50 0.1823 0.2085 0.6092
 1985 1 4 1 0 0 0 46.5 0.2023 0.201 0.5967
 1986 1 4 1 0 0 0 23 0.1984 0.4364 0.3652
 1987 1 4 1 0 0 0 35.5 0.1944 0.3779 0.4277
 1988 1 4 1 0 0 0 40.5 0.1879 0.3737 0.4384
 1989 1 4 1 0 0 0 50 0.4246 0.2259 0.3496
 1990 1 4 1 0 0 0 50 0.238 0.2332 0.5288
 1991 1 4 1 0 0 0 50 0.2274 0.33 0.4426
 1992 1 4 1 0 0 0 50 0.2263 0.2911 0.4826
 1993 1 4 1 0 0 0 50 0.2296 0.2759 0.4945
 1994 1 4 1 0 0 0 50 0.1989 0.2926 0.5085
 1995 1 4 1 0 0 0 50 0.2593 0.3005 0.4403
 1996 1 4 1 0 0 0 50 0.1998 0.3054 0.4948
 1997 1 4 1 0 0 0 50 0.1622 0.3102 0.5275
 1998 1 4 1 0 0 0 50 0.1276 0.3212 0.5511
 1999 1 4 1 0 0 0 26 0.2224 0.2214 0.5562
 2000 1 4 1 0 0 0 30.5 0.2154 0.218 0.5665
 2001 1 4 1 0 0 0 45.5 0.2253 0.2699 0.5048
 2002 1 4 1 0 0 0 19 0.1127 0.2346 0.6527
 2003 1 4 1 0 0 0 32.5 0.3762 0.2345 0.3893
 2004 1 4 1 0 0 0 24 0.2488 0.1848 0.5663
 2005 1 4 1 0 0 0 21 0.2825 0.2744 0.4431
 2006 1 4 1 0 0 0 50 0.3276 0.2293 0.4431
 2007 1 4 1 0 0 0 50 0.4394 0.3525 0.2081
 2008 1 4 1 0 0 0 50 0.3745 0.2219 0.4036
 2009 1 4 1 0 0 0 50 0.3057 0.4202 0.2741
 2010 1 4 1 0 0 0 50 0.4081 0.3371 0.2548
 2011 1 4 1 0 0 0 50 0.2179 0.394 0.3881
 2012 1 4 1 0 0 0 50 0.1573 0.4393 0.4034
 2013 1 4 1 0 0 0 37 0.21 0.2834 0.5065
 2014 1 4 1 0 0 0 50 0.1738 0.3912 0.435
 2015 1 4 1 0 0 0 50 0.234 0.2994 0.4666
 2016 1 4 1 0 0 0 50 0.2255 0.278 0.4965
 2017 1 4 1 0 0 0 50 0.0849 0.2994 0.6157
 1995 1 5 1 0 0 0 100 0.1594 0.2656 0.5751
 1998 1 5 1 0 0 0 100 0.0769 0.2205 0.7026
 2001 1 5 1 0 0 0 100 0.1493 0.2049 0.6457
 2004 1 5 1 0 0 0 100 0.0672 0.2484 0.6845
 2007 1 5 1 0 0 0 100 0.1257 0.3148 0.5595
 2010 1 5 1 0 0 0 100 0.1299 0.3209 0.5492
 2013 1 5 1 0 0 0 100 0.1556 0.2477 0.5967
 2015 1 5 1 0 0 0 100 0.0706 0.2431 0.6859
 2016 1 5 1 0 0 0 100 0.0832 0.1917 0.7251
# nGrowthObs
3
# dGrowthData
 97.5 1 14.1 0.2197
 112.5 1 14.1 0.2197
 127.5 1 14.1 0.2197
# bUseCustomGrowthMatrix
0
# CustomGrowthMatrix
 0.2 0.7 0.1
 0 0.4 0.6
 0 0 1
# bUseCustomNaturalMortality
0
# CustomNaturalMortality
 0.12 0.12 0.12 0.12 0.12 0.12 0.12 0.12 0.12 0.12 0.12 0.12 0.12 0.12 0.12 0.12 0.12 0.12 0.12 0.12 0.12 0.12 0.12 0.12 0.12 0.12 0.12 0.12 0.12 0.12 0.12 0.12 0.12 0.12 0.12 0.12 0.12 0.12 0.12 0.12
# eof
9999
