ParName   Value   Gradient
theta[4]      15.7399     0.081833
Grwth[7]      144.169   1.2183e-08
Grwth[9]    0.0561141 -6.82769e-06
Grwth[11]      142.392    -0.121142
Grwth[13]    0.0579851     -0.86079
log_slx_pars[1]      4.71518      5.62207
log_slx_pars[2]       4.8965    -0.516774
log_slx_pars[3]      4.75642     -0.60725
log_slx_pars[4]      5.01064    0.0722203
log_slx_pars[5]       4.8422     -7.39107
log_slx_pars[6]      5.08917      2.30491
log_slx_pars[7]      4.57294    -0.478008
log_slx_pars[8]      4.69601     0.360766
log_slx_pars[9]      4.52765     -2.75752
log_slx_pars[10]      4.61152     0.459493
log_slx_pars[11]      4.72802   -0.0938658
log_slx_pars[12]      4.96403   -0.0855898
log_slx_pars[13]        4.277   -0.0679094
log_slx_pars[14]      4.48072    0.0111632
log_slx_pars[15]      4.43935    -0.106932
log_slx_pars[16]      4.75737    0.0306395
log_slx_pars[17]      4.23317     0.526414
log_slx_pars[18]      4.25089   -0.0289056
log_slx_pars[19]      4.48583    -0.127973
log_slx_pars[20]      4.82545    0.0545763
log_slx_pars[21]      4.40639    -0.432273
log_slx_pars[22]      4.58311     0.313502
log_slx_pars[23]      4.23596    0.0463593
log_slx_pars[24]      5.19296   -0.0274173
log_slx_pars[25]      4.91988      27.3566
log_slx_pars[26]      4.96488     -15.2792
log_fbar[1]    -0.595886    -0.456222
log_fbar[2]     -4.77006     0.387281
log_fbar[3]     -39.5467    0.0157565
log_fbar[4]     -7.28084    0.0485984
log_fdev[1](1)     0.656569   -0.0240549
log_fdev[1](2)      1.68963    0.0699104
log_fdev[1](3)      8.59191   -0.0200884
log_fdev[1](4)      10.9887 -0.000480605
log_fdev[1](5)      7.26685   -0.0652401
log_fdev[1](6)      5.37846   -0.0986986
log_fdev[1](7)      2.88765    0.0342249
log_fdev[1](8)    -0.256229     0.163538
log_fdev[1](9)    -0.156289    0.0665763
log_fdev[1](10)    -0.148196    0.0853837
log_fdev[1](11)    0.0771358    0.0885609
log_fdev[1](12)    -0.391613    0.0415743
log_fdev[1](13)     -1.28624    0.0203131
log_fdev[1](14)     -1.15171    0.0677631
log_fdev[1](15)    -0.532781    0.0869489
log_fdev[1](16)    -0.562037    -0.051955
log_fdev[1](17)    -0.903768   -0.0588617
log_fdev[1](18)     -0.46684   -0.0707239
log_fdev[1](19)      -5.6327    -0.209157
log_fdev[1](20)     -6.04186    -0.196271
log_fdev[1](21)     -1.47215    -0.118022
log_fdev[1](22)     -1.36905   -0.0862745
log_fdev[1](23)    -0.586488   -0.0592348
log_fdev[1](24)     -1.12198   -0.0405472
log_fdev[1](25)     -1.22431   -0.0839178
log_fdev[1](26)     -1.25541   -0.0680653
log_fdev[1](27)     -1.26481   -0.0292844
log_fdev[1](28)    -0.653681   -0.0289815
log_fdev[1](29)     -0.98114   -0.0283303
log_fdev[1](30)    -0.525113   -0.0231569
log_fdev[1](31)    -0.849838   0.00498082
log_fdev[1](32)     -0.42516  -0.00630624
log_fdev[1](33)    -0.363877   -0.0165665
log_fdev[1](34)    -0.590785  -0.00275695
log_fdev[1](35)     -0.64244   0.00808702
log_fdev[1](36)     -1.24359    0.0572617
log_fdev[1](37)     -1.49834    0.0658382
log_fdev[1](38)      -1.3019    0.0576666
log_fdev[1](39)      -1.0286  -0.00366861
log_fdev[1](40)     -1.16866    0.0368579
log_fdev[2](1)      1.07635  -0.00214481
log_fdev[2](2)      1.66939    0.0604936
log_fdev[2](3)      1.05926     0.064082
log_fdev[2](4)     0.998787      0.12133
log_fdev[2](5)       1.7524      0.11921
log_fdev[2](6)     0.981045     0.114611
log_fdev[2](7)      2.23167    0.0676015
log_fdev[2](8)      1.81533    0.0435173
log_fdev[2](9)      2.69576    0.0344236
log_fdev[2](10)      1.27108    0.0436932
log_fdev[2](11)     0.396489    0.0248042
log_fdev[2](12)   -0.0302627    0.0243733
log_fdev[2](13)      1.10139   0.00620889
log_fdev[2](14)    -0.318975   0.00813718
log_fdev[2](15)     0.194426    0.0332897
log_fdev[2](16)     0.356255   -0.0993837
log_fdev[2](17)     0.685447   0.00810486
log_fdev[2](18)     0.816131   -0.0822125
log_fdev[2](19)    -0.974395     -0.10291
log_fdev[2](20)    -0.278887   -0.0431853
log_fdev[2](21)    -0.647316   -0.0547181
log_fdev[2](22)      -1.1214   0.00867228
log_fdev[2](23)    -0.500348   -0.0516864
log_fdev[2](24)      -0.3651    0.0268034
log_fdev[2](25)      -1.0321  -0.00474754
log_fdev[2](26)    -0.663726  -0.00573764
log_fdev[2](27)    -0.928131    0.0638971
log_fdev[2](28)    -0.644688   -0.0933779
log_fdev[2](29)    -0.995574   0.00740838
log_fdev[2](30)    -0.763377     0.037663
log_fdev[2](31)     -1.03287   -0.0137284
log_fdev[2](32)    -0.902186   -0.0529066
log_fdev[2](33)    -0.827465     0.100076
log_fdev[2](34)     -1.27671    -0.142551
log_fdev[2](35)     -1.28537     0.140816
log_fdev[2](36)     -1.50291   -0.0827435
log_fdev[2](37)     -1.66996    0.0412875
log_fdev[2](38)    -0.645047     -0.03339
log_fdev[2](39)    -0.308569    0.0529324
log_fdev[2](40)    -0.385817    0.0129392
log_fdev[3](1)      -7.4176     0.026114
log_fdev[3](2)     -7.33364    0.0215399
log_fdev[3](3)     -9.75713    0.0655702
log_fdev[3](4)     -10.0511    0.0788078
log_fdev[3](5)     -10.0694    0.0793028
log_fdev[3](6)     -10.1789      0.10034
log_fdev[3](7)     -8.38711    0.0393776
log_fdev[3](8)     -8.38212    0.0343294
log_fdev[3](9)     -6.82409    0.0245994
log_fdev[3](10)     -8.19294    0.0161623
log_fdev[3](11)     -7.75686 -0.000136477
log_fdev[3](12)     -8.24678    0.0637707
log_fdev[3](13)     -8.86027   0.00316833
log_fdev[3](14)     -8.71571   0.00817919
log_fdev[3](15)      13.9321    -0.181347
log_fdev[3](16)      12.1247    -0.146593
log_fdev[3](17)      11.2609    -0.188714
log_fdev[3](18)     -4.02186   0.00211373
log_fdev[3](19)     -3.40667   -0.0164851
log_fdev[3](20)      -3.7031    0.0144642
log_fdev[3](21)     -3.66154    0.0135736
log_fdev[3](22)     -2.66076      0.01234
log_fdev[3](23)      32.6721   -0.0137167
log_fdev[3](24)      33.4799   0.00111872
log_fdev[3](25)      34.1579    0.0379656
log_fdev[4](1)     -1.55394   0.00747447
log_fdev[4](2)      -2.1261   0.00359433
log_fdev[4](3)    -0.655644    0.0213368
log_fdev[4](4)    -0.206955   0.00209034
log_fdev[4](5)      1.13722    0.0155352
log_fdev[4](6)      1.74551  0.000202893
log_fdev[4](7)      1.65991   0.00735672
log_foff[1]     -1.88339     0.114177
log_foff[3]      8.10413    0.0302782
log_fdov[1](1)      2.00813    0.0139757
log_fdov[1](2)     0.329248    0.0525841
log_fdov[1](3)      2.31442    0.0328796
log_fdov[1](4)      2.11317    0.0253709
log_fdov[1](5)     -2.70768  -0.00941543
log_fdov[1](6)    -0.893273    0.0298364
log_fdov[1](7)      2.21721  -0.00119981
log_fdov[1](8)     -2.17194   -0.0110022
log_fdov[1](9)     0.163648   -0.0299331
log_fdov[1](10)      1.08317   -0.0402979
log_fdov[1](11)     -1.80245  -0.00238047
log_fdov[1](12)      1.34058   -0.0135391
log_fdov[1](13)     0.754343   -0.0169019
log_fdov[1](14)      1.01143  -0.00268012
log_fdov[1](15)    -0.942276   0.00103138
log_fdov[1](16)   -0.0930749   -0.0507179
log_fdov[1](17)    -0.403859    0.0519059
log_fdov[1](18)    -0.878553    0.0193758
log_fdov[1](19)    -0.468959    0.0157321
log_fdov[1](20)     -1.28238   0.00825407
log_fdov[1](21)     -1.85967    0.0360975
log_fdov[1](22)    0.0706323    0.0211611
log_fdov[1](23)    -0.538788   -0.0366313
log_fdov[1](24)     0.636931    0.0211227
log_fdov[3](1)      1.91265     0.015958
log_fdov[3](2)       1.8367    0.0140157
log_fdov[3](3)      2.05972    0.0392846
log_fdov[3](4)      1.30567    0.0560107
log_fdov[3](5)     0.565329    0.0452705
log_fdov[3](6)   -0.0176387    0.0425457
log_fdov[3](7)     0.246045    0.0196858
log_fdov[3](8)     0.715014    0.0269756
log_fdov[3](9)       1.1155    0.0121855
log_fdov[3](10)       1.4496   0.00181313
log_fdov[3](11)     0.958276   0.00936512
log_fdov[3](12)      0.82208    0.0109567
log_fdov[3](13)     0.794131   -0.0121481
log_fdov[3](14)     0.784766    0.0044658
log_fdov[3](15)      2.11637   -0.0901292
log_fdov[3](16)      2.23846   -0.0557823
log_fdov[3](17)      1.25436   -0.0744201
log_fdov[3](18)       1.0035   0.00466361
log_fdov[3](19)     0.423762   -0.0153046
log_fdov[3](20)     0.412833  -0.00140084
log_fdov[3](21)     0.375164   -0.0184623
log_fdov[3](22)     0.353712  0.000654172
log_fdov[3](23)     -7.32183   -0.0128866
log_fdov[3](24)     -7.90284    0.0281293
log_fdov[3](25)     -7.50129    0.0199728
rec_dev(1975)      2.70281      11.9546
rec_dev(1976)      2.94448      2.46625
rec_dev(1977)    -0.944406     0.825294
rec_dev(1978)      1.05127      2.22433
rec_dev(1979)      1.18095      1.76154
rec_dev(1980)      1.68006      1.57754
rec_dev(1981)       2.4674      2.37902
rec_dev(1982)      1.64458    -0.147697
rec_dev(1983)      1.68095      -1.3857
rec_dev(1984)    -0.546971    0.0981595
rec_dev(1985)     0.951202     -5.19264
rec_dev(1986)    -0.869491      -1.2355
rec_dev(1987)     -1.20752     -1.45959
rec_dev(1988)     0.254069     -7.91371
rec_dev(1989)     0.434127     -7.23237
rec_dev(1990)    0.0403697     -2.92571
rec_dev(1991)      -1.8175    -0.262366
rec_dev(1992)    -0.314178    -0.599648
rec_dev(1993)     -1.73268   -0.0977726
rec_dev(1994)      1.19092    -0.983653
rec_dev(1995)      -1.9609   -0.0386031
rec_dev(1996)     -1.41452 -0.000245991
rec_dev(1997)     0.057048    -0.371861
rec_dev(1998)     0.863958    -0.323111
rec_dev(1999)    -0.504392     0.318721
rec_dev(2000)    -0.107598    0.0319211
rec_dev(2001)      1.09498    0.0742872
rec_dev(2002)     -0.93913     0.104392
rec_dev(2003)    -0.260717    0.0478624
rec_dev(2004)      1.03619    -0.211283
rec_dev(2005)    -0.146831     0.173398
rec_dev(2006)   -0.0132683       1.4721
rec_dev(2007)    -0.610474     0.930393
rec_dev(2008)    -0.570928     0.706359
rec_dev(2009)     0.566903      1.55203
rec_dev(2010)    -0.347094     0.275698
rec_dev(2011)    -0.500659     0.190355
rec_dev(2012)    -0.899997   -0.0082817
rec_dev(2013)     -2.00335    0.0591638
rec_dev(2014)     -1.18359     0.117878
rec_dev(2015)      -1.5763    0.0504944
rec_dev(2016)     -1.36976     0.132356
logit_rec_prop(1975)      1.81563     -13.5258
logit_rec_prop(1976)     -4.20493      7.15106
logit_rec_prop(1977)    0.0524768      5.67708
logit_rec_prop(1978)     0.138062      9.57902
logit_rec_prop(1979)     0.242658      8.06523
logit_rec_prop(1980)     -1.52301      8.85181
logit_rec_prop(1981)   -0.0664428      16.1286
logit_rec_prop(1982)    -0.568842      2.15371
logit_rec_prop(1983)    -0.794751     -10.2472
logit_rec_prop(1984)     0.116803      1.06962
logit_rec_prop(1985)    -0.755267     -36.2212
logit_rec_prop(1986)    -0.041234     -9.00397
logit_rec_prop(1987)    -0.154283     -10.2557
logit_rec_prop(1988)   -0.0194486     -24.4348
logit_rec_prop(1989)     0.370344     -45.4544
logit_rec_prop(1990)    -0.206521     -11.5428
logit_rec_prop(1991)     0.378609      2.64066
logit_rec_prop(1992)    0.0925625      2.73594
logit_rec_prop(1993)     0.207051      3.51037
logit_rec_prop(1994)    -0.110084      4.73468
logit_rec_prop(1995)     0.905827       3.7145
logit_rec_prop(1996)     0.984213      3.16901
logit_rec_prop(1997)     0.588312      1.55219
logit_rec_prop(1998)     0.352606      5.30149
logit_rec_prop(1999)    0.0965956      3.77654
logit_rec_prop(2000)    -0.692237      3.70468
logit_rec_prop(2001)   -0.0954502      4.25366
logit_rec_prop(2002)     0.252368      4.52627
logit_rec_prop(2003)     0.393863      3.59193
logit_rec_prop(2004)    -0.149523     0.488146
logit_rec_prop(2005)     0.440928      3.04803
logit_rec_prop(2006)     0.505086   -0.0327267
logit_rec_prop(2007)     0.300924      4.27476
logit_rec_prop(2008)    -0.287137      7.58597
logit_rec_prop(2009)    -0.443898      11.9314
logit_rec_prop(2010)     0.559647      4.13316
logit_rec_prop(2011)    0.0167145      1.40462
logit_rec_prop(2012)     0.420067      2.64446
logit_rec_prop(2013)     0.477348      4.12795
logit_rec_prop(2014)   -0.0688344      5.46369
logit_rec_prop(2015)     0.287438       3.3287
logit_rec_prop(2016)     0.185764      4.72603
m_dev(1)      1.31144     -3.49063
m_dev(2)     -1.31144      3.50512
m_dev_females(1)     0.889986      -1.5284
m_dev_females(2)     0.963127    -0.361642
m_dev_females(3)     -1.34997      1.29697
m_dev_females(4)    -0.503148      1.11965
survey_q[1]            1    0.0537618
