#========================================================================================================
# Gmacs Main  Data  File  Version 1.1:  BBRKC Example
# GEAR_INDEX   DESCRIPTION
#    1        : Pot fishery retained catch.
#    1        : Pot fishery with discarded catch.
#    2        : Trawl bycatch
#    3        : Trawl survey

# Fisheries:  1 Pot Fishery,  2 Pot Discard,  3 Trawl by-catch, 4 BSFRF
# Surveys:    3 NMFS  Trawl Survey, 4 BSFRF Survey
#========================================================================================================

1975  # Start year
2016  # End year
2017  # Projection year
4     # Number of seasons
4     # Number  of  distinct  data  groups  (among fishing fleets and surveys)
2     # Number  of  sexes
2     # Number  of  shell condition types
1     # Number  of  maturity  types
20    # Number  of  size-classes  in  the model
4     # Season recruitment occurs
4     # Season molting and growth occurs
3     # Season to calculate SSB
1     # Season for N output
# size_breaks (a  vector  giving  the break points  between size  intervals,  dim=nclass+1)
65  70  75  80  85  90  95  100 105 110 115 120 125 130 135 140 145 150 155 160 165
# weight-at-length input method (1 = allometry [w_l = a*l^b], 2 = vector by sex)
2
# weight-at-length  allometry w_l = a*l^b
#a=0.003593,b=2.666076  female  > 89mm
#a=0.000408,b=3.127956  female  < 90  new shell
#a=0.000403,  b=3.141334  male  new shell
##  a (male,  female)
4.03E-07  4.08E-07
##  b (male,  female)
3.141334  3.127956
## Males
0.000224781 0.000281351 0.000346923 0.000422209 0.000507927 0.000604802 0.000713564 0.00083495  0.0009697 0.00111856  0.00128229  0.00146163  0.00165736  0.00187023  0.00210101  0.00235048  0.00261942  0.00290861  0.00321882  0.0039059
#0.224781 0.281351 0.346923 0.422209 0.507927 0.604802 0.713564 0.83495 0.9697 1.11856 1.28229 1.46163 1.65736 1.87023 2.10101 2.35048 2.61942 2.90861 3.21882 3.9059
## Females
0.0002151 0.00026898  0.00033137  0.00040294  0.00048437  0.00062711  0.0007216 0.00082452  0.00093615  0.00105678  0.00118669  0.00132613  0.00147539  0.00163473  0.00180441  0.00218315  0.00218315  0.00218315  0.00218315  0.0021831
#0.21510 0.26898 0.33137 0.40294 0.48437 0.62711 0.72160 0.82452 0.93615 1.05678 1.18669 1.32613 1.47539 1.63473 1.80441 2.18315 2.18315 2.18315 2.18315 2.1831
# Male  mature  weight-at-length  (weight * proportion  mature)
0 0 0 0 0 0 0 0 0 0 0 1.46163 1.65736 1.87023 2.10101 2.35048 2.61942 2.90861 3.21882 3.9059
# Proportion  mature  by  sex
0 0 0 0 0 0 0 0 0 0 0 1 1 1 1 1 1 1 1 1
0 0 0 0 0 1 1 1 1 1 1 1 1 1 1 1 1 1 1 1
# Natural mortality per season input type (1 = vector by season, 2 = matrix by season/year)
2
# Proportion of the total natural mortality to be applied each season
0.01	0.2329	0.4511	0.306
0.01	0.2795	0.4045	0.306
0.01	0.3233	0.3607	0.306
0.01	0.2548	0.4292	0.306
0.01	0.2493	0.4347	0.306
0.01	0.2493	0.4347	0.306
0.01	0.2493	0.4347	0.306
0.01	0.2356	0.4484	0.306
0.01	0.24	0.444	0.306
0.01	0.2712	0.4128	0.306
0.01	0.2438	0.4402	0.306
0.01	0.2521	0.4319	0.306
0.01	0.2493	0.4347	0.306
0.01	0.2438	0.4402	0.306
0.01	0.2493	0.4347	0.306
0.01	0.3507	0.3333	0.306
0.01	0.3425	0.3415	0.306
0.01	0.3425	0.3415	0.306
0.01	0.3452	0.3388	0.306
0.01	0.34	0.344	0.306
0.01	0.34	0.344	0.306
0.01	0.34	0.344	0.306
0.01	0.34	0.344	0.306
0.01	0.34	0.344	0.306
0.01	0.3	0.384	0.306
0.01	0.3	0.384	0.306
0.01	0.3	0.384	0.306
0.01	0.3	0.384	0.306
0.01	0.3	0.384	0.306
0.01	0.3	0.384	0.306
0.01	0.3	0.384	0.306
0.01	0.3	0.384	0.306
0.01	0.3	0.384	0.306
0.01	0.3	0.384	0.306
0.01	0.3	0.384	0.306
0.01	0.3	0.384	0.306
0.01	0.3	0.384	0.306
0.01	0.3	0.384	0.306
0.01	0.3	0.384	0.306
0.01	0.3	0.384	0.306
0.01	0.3	0.384	0.306
0.01	0.3	0.384	0.306
# Fishing fleet names (delimited  with  : no  spaces  in  names)
Pot_Fishery:Trawl_Bycatch
# Survey  names (delimited  with  : no  spaces  in  names)
NMFS_Trawl:BSFRF
# Number  of  catch data  frames
2
# Number  of  rows  in  each  data  frame
41  40
##  ————————————————————————————————————————————————————————————————————————————————————  ##
##  CATCH DATA
##  Type  of  catch:  1 = retained, 2 = discard,  3 =
##  Units of  catch:  1 = biomass,  2 = numbers
##  for BBRKC Units are in  1000 mt  for landed  & discards.
##  ————————————————————————————————————————————————————————————————————————————————————  ##
##  Male retained pot fishery (tonnes)
#year	seas	fleet	sex	obs	cv	type	units	mult	effort	discard_mortality
1975	2	1	1	23281.2	0.03	1	1	1	0	0
1976	2	1	1	28993.6	0.03	1	1	1	0	0
1977	2	1	1	31736.9	0.03	1	1	1	0	0
1978	2	1	1	39743.0	0.03	1	1	1	0	0
1979	2	1	1	48910.0	0.03	1	1	1	0	0
1980	2	1	1	58943.6	0.03	1	1	1	0	0
1981	2	1	1	15236.8	0.03	1	1	1	0	0
1982	2	1	1	1361.3	0.03	1	1	1	0	0
1983	2	1	1	0.0	0.03	1	1	1	0	0
1984	2	1	1	1897.1	0.03	1	1	1	0	0
1985	2	1	1	1893.7	0.03	1	1	1	0	0
1986	2	1	1	5168.2	0.03	1	1	1	0	0
1987	2	1	1	5574.2	0.03	1	1	1	0	0
1988	2	1	1	3351.0	0.03	1	1	1	0	0
1989	2	1	1	4656.0	0.03	1	1	1	0	0
1990	2	1	1	9272.8	0.03	1	1	1	0	0
1991	2	1	1	7885.2	0.03	1	1	1	0	0
1992	2	1	1	3681.8	0.03	1	1	1	0	0
1993	2	1	1	6659.6	0.03	1	1	1	0	0
1994	2	1	1	42.2	0.03	1	1	1	0	0
1995	2	1	1	36.3	0.03	1	1	1	0	0
1996	2	1	1	3861.9	0.03	1	1	1	0	0
1997	2	1	1	4042.1	0.03	1	1	1	0	0
1998	2	1	1	6779.4	0.03	1	1	1	0	0
1999	2	1	1	5377.8	0.03	1	1	1	0	0
2000	2	1	1	3738.1	0.03	1	1	1	0	0
2001	2	1	1	3866.0	0.03	1	1	1	0	0
2002	2	1	1	4384.4	0.03	1	1	1	0	0
2003	2	1	1	7135.5	0.03	1	1	1	0	0
2004	2	1	1	7006.6	0.03	1	1	1	0	0
2005	2	1	1	8399.6	0.03	1	1	1	0	0
2006	2	1	1	7143.2	0.03	1	1	1	0	0
2007	2	1	1	9303.9	0.03	1	1	1	0	0
2008	2	1	1	9216.1	0.03	1	1	1	0	0
2009	2	1	1	7272.5	0.03	1	1	1	0	0
2010	2	1	1	6761.5	0.03	1	1	1	0	0
2011	2	1	1	3607.1	0.03	1	1	1	0	0
2012	2	1	1	3621.7	0.03	1	1	1	0	0
2013	2	1	1	3991.0	0.03	1	1	1	0	0
2014	2	1	1	4538.6	0.03	1	1	1	0	0
2015	2	1	1	4613.7	0.03	1	1	1	0	0
##  Trawl fishery discards
#year	seas	fleet	sex	obs	cv	type	units	mult	effort	discard_mortality
1976	2	2	0	384600	0.04	2	2	1	0	0.8
1977	2	2	0	787700	0.04	2	2	1	0	0.8
1978	2	2	0	646500	0.04	2	2	1	0	0.8
1979	2	2	0	736200	0.04	2	2	1	0	0.8
1980	2	2	0	1141300	0.04	2	2	1	0	0.8
1981	2	2	0	267100	0.04	2	2	1	0	0.8
1982	2	2	0	785400	0.04	2	2	1	0	0.8
1983	2	2	0	492800	0.04	2	2	1	0	0.8
1984	2	2	0	1168200	0.04	2	2	1	0	0.8
1985	2	2	0	274700	0.04	2	2	1	0	0.8
1986	2	2	0	159300	0.04	2	2	1	0	0.8
1987	2	2	0	124500	0.04	2	2	1	0	0.8
1988	2	2	0	430300	0.04	2	2	1	0	0.8
1989	2	2	0	109200	0.04	2	2	1	0	0.8
1990	2	2	0	171800	0.04	2	2	1	0	0.8
1991	2	2	0	183500	0.04	2	2	1	0	0.8
1992	2	2	0	248100	0.04	2	2	1	0	0.8
1993	2	2	0	281000	0.04	2	2	1	0	0.8
1994	2	2	0	48200	0.04	2	2	1	0	0.8
1995	2	2	0	106600	0.04	2	2	1	0	0.8
1996	2	2	0	76300	0.04	2	2	1	0	0.8
1997	2	2	0	49000	0.04	2	2	1	0	0.8
1998	2	2	0	93700	0.04	2	2	1	0	0.8
1999	2	2	0	110500	0.04	2	2	1	0	0.8
2000	2	2	0	58600	0.04	2	2	1	0	0.8
2001	2	2	0	89955	0.04	2	2	1	0	0.8
2002	2	2	0	76302	0.04	2	2	1	0	0.8
2003	2	2	0	105493	0.04	2	2	1	0	0.8
2004	2	2	0	75107	0.04	2	2	1	0	0.8
2005	2	2	0	96834	0.04	2	2	1	0	0.8
2006	2	2	0	75290	0.04	2	2	1	0	0.8
2007	2	2	0	86417	0.04	2	2	1	0	0.8
2008	2	2	0	93077	0.04	2	2	1	0	0.8
2009	2	2	0	59585	0.04	2	2	1	0	0.8
2010	2	2	0	58219	0.04	2	2	1	0	0.8
2011	2	2	0	45916	0.04	2	2	1	0	0.8
2012	2	2	0	38541	0.04	2	2	1	0	0.8
2013	2	2	0	106439	0.04	2	2	1	0	0.8
2014	2	2	0	144340	0.04	2	2	1	0	0.8
2015	2	2	0	125850	0.04	2	2	1	0	0.8
##  ————————————————————————————————————————————————————————————————————————————————————  ##
##  RELATIVE  ABUNDANCE DATA
##  Units of  Abundance:  1 = biomass,  2 = numbers
##  TODO: add column for maturity for terminal molt life-histories
##  for BBRKC Units are in  1000 mt.
##  ————————————————————————————————————————————————————————————————————————————————————  ##
##  Number  of  relative  abundance indicies
2
##  Number  of  rows  in  each  index
84  6
# Survey  data  (abundance  indices,  units are 1000 mt)
#Year Season  Fleet Sex Abundance CV  Units
1975	1	2	1	135463.32	0.193	1
1976	1	2	1	260149.49	0.144	1
1977	1	2	1	235411.43	0.152	1
1978	1	2	1	203192.71	0.144	1
1979	1	2	1	103715	0.164	1
1980	1	2	1	168047.18	0.221	1
1981	1	2	1	69161.2	0.19	1
1982	1	2	1	73232.86	0.251	1
1983	1	2	1	35368.02	0.214	1
1984	1	2	1	98281.53	0.606	1
1985	1	2	1	27203.7	0.159	1
1986	1	2	1	41113.63	0.42	1
1987	1	2	1	47410.5	0.209	1
1988	1	2	1	35852.58	0.228	1
1989	1	2	1	42967.75	0.232	1
1990	1	2	1	39271.64	0.242	1
1991	1	2	1	67458.39	0.443	1
1992	1	2	1	25442.52	0.175	1
1993	1	2	1	36217.5	0.198	1
1994	1	2	1	23285.54	0.174	1
1995	1	2	1	27670.53	0.267	1
1996	1	2	1	27277.48	0.203	1
1997	1	2	1	60719.57	0.265	1
1998	1	2	1	46693.73	0.182	1
1999	1	2	1	45126.53	0.204	1
2000	1	2	1	38924.68	0.222	1
2001	1	2	1	28367.49	0.187	1
2002	1	2	1	45596.97	0.202	1
2003	1	2	1	74997.93	0.283	1
2004	1	2	1	91090.07	0.321	1
2005	1	2	1	55471.45	0.172	1
2006	1	2	1	51948.59	0.17	1
2007	1	2	1	59064.23	0.21	1
2008	1	2	1	67945.65	0.225	1
2009	1	2	1	43692.76	0.326	1
2010	1	2	1	39555.62	0.223	1
2011	1	2	1	27529.87	0.211	1
2012	1	2	1	30830.44	0.232	1
2013	1	2	1	39833.23	0.244	1
2014	1	2	1	60859.12	0.191	1
2015	1	2	1	36919.28	0.208	1
2016	1	2	1	27302.6	0.194	1
						
1975	1	2	2	67267.28	0.193	1
1976	1	2	2	71718.04	0.144	1
1977	1	2	2	140249.63	0.152	1
1978	1	2	2	146351.82	0.144	1
1979	1	2	2	63911.67	0.164	1
1980	1	2	2	81275.03	0.221	1
1981	1	2	2	63507.85	0.19	1
1982	1	2	2	70506.74	0.251	1
1983	1	2	2	13951.7	0.214	1
1984	1	2	2	57029.97	0.606	1
1985	1	2	2	7330.79	0.159	1
1986	1	2	2	7044.78	0.42	1
1987	1	2	2	22852.72	0.209	1
1988	1	2	2	19519.6	0.228	1
1989	1	2	2	12973.56	0.232	1
1990	1	2	2	21049.25	0.242	1
1991	1	2	2	17596.54	0.443	1
1992	1	2	2	12244.8	0.175	1
1993	1	2	2	17485.53	0.198	1
1994	1	2	2	9049.36	0.174	1
1995	1	2	2	10725.74	0.267	1
1996	1	2	2	17371.13	0.203	1
1997	1	2	2	24557.1	0.265	1
1998	1	2	2	38481.97	0.182	1
1999	1	2	2	20477.34	0.204	1
2000	1	2	2	29417.67	0.222	1
2001	1	2	2	24820.57	0.187	1
2002	1	2	2	24188.87	0.202	1
2003	1	2	2	41796.11	0.283	1
2004	1	2	2	40819.81	0.321	1
2005	1	2	2	51869.83	0.172	1
2006	1	2	2	43727.75	0.17	1
2007	1	2	2	45777.06	0.21	1
2008	1	2	2	46484.48	0.225	1
2009	1	2	2	47979.95	0.326	1
2010	1	2	2	42086.47	0.223	1
2011	1	2	2	39523.28	0.211	1
2012	1	2	2	30417.78	0.232	1
2013	1	2	2	22576.58	0.244	1
2014	1	2	2	53243.87	0.191	1
2015	1	2	2	27320.77	0.208	1
2016	1	2	2	33928.4	0.194	1

  2007  1     3       0    130352.8     0.2164  1
  2008  1     3       0    106040.9     0.1939  1
  2013  1     3       0     95016.7     0.1939  1
  2014  1     3       0    111740.4     0.1939  1
  2015  1     3       0     98952.5     0.1939  1
  2016  1     3       0     87725.1     0.1939  1

##  Number  of  length  frequency matrices
9
##  Number  of  rows  in  each  matrix
1  1  1  1  1  1  1  1   1
##  Number  of  bins  in  each  matrix  (columns  of  size  data)
20  20  16  20  16  20  16  20  16
##  SIZE  COMPOSITION DATA  FOR ALL FLEETS
##  ————————————————————————————————————————————————————————————————————————————————————  ##
##  SIZE  COMP  LEGEND
##  Sex:  1 = male, 2 = female, 0 = both  sexes combined
##  Type  of  composition:  1 = retained, 2 = discard,  0 = total composition
##  Maturity  state:  1 = immature, 2 = mature, 0 = both  states  combined
##  Shell condition:  1 = new shell,  2 = old shell,  0 = both  shell types combined
##  ————————————————————————————————————————————————————————————————————————————————————  ##
#Retained males                                                   
#Year Season  Fleet Sex Type  Shell Maturity  Nsamp DataVec                                     
1975  3 1 1 1 0 0 100 0.00000 0.00000 0.00000 0.00000 0.00000 0.00000 0.00000 0.00000 0.00000 0.00000 0.00000 0.00000 0.00710 0.07410 0.17210 0.22390 0.21220 0.14640 0.08580 0.07850
#Discarded  males                                                   
#Year Season  Fleet Sex Type  Shell Maturity  Nsamp DataVec                                     
1990  3 1 1 2 0 0 87.30 0.00110 0.00000 0.00110 0.00800 0.00460 0.01260 0.00690 0.03780 0.05040 0.07670 0.12260 0.15230 0.18670 0.24400 0.08590 0.00920 0.00000 0.00000 0.00000 0.00000
#Discarded  females                                                   
#Year Season  Fleet Sex Type  Shell Maturity  Nsamp DataVec                                     
1990  3 1 2 2 0 0 50.0  0.0000  0.0014  0.0029  0.0029  0.0057  0.0072  0.0143  0.0672  0.1016  0.1731  0.1688  0.2132  0.1359  0.0715  0.0243  0.0100        
#Trawl  bycatch male                                                  
#Year Season  Fleet Sex Type  Shell Maturity  Nsamp DataVec                                     
1976  2 2 1 0 0 0 50.0  0.0000  0.0000  0.0000  0.0000  0.0000  0.0130  0.0087  0.0043  0.0216  0.0087  0.0260  0.0390  0.0433  0.0649  0.0996  0.0866  0.0736  0.0909  0.0649  0.1299
#Trawl  bycatch female                                                  
#Year Season  Fleet Sex Type  Shell Maturity  Nsamp DataVec                                     
1976  2 2 2 0 0 0 50.0  0.0000  0.0000  0.0000  0.0000  0.0000  0.0000  0.0130  0.0087  0.0216  0.0260  0.0303  0.0563  0.0130  0.0260  0.0043  0.0260        
#NMFS males combined                                                  
#Year Season  Fleet Sex Type  Shell Maturity  Nsamp DataVec                                     
1975  3 3 1 0 0 0 200 0.02220 0.04110 0.02989 0.03787 0.03420 0.02994 0.03088 0.02457 0.02643 0.03137 0.02677 0.02920 0.02836 0.02734 0.02444 0.02701 0.01831 0.01340 0.00972 0.01126
#NMFS female                                                    
#Year Season  Fleet Sex Type  Shell Maturity  Nsamp DataVec                                     
1975  3 3 2 0 0 0 200.0 0.03310 0.04013 0.04814 0.04942 0.05635 0.04386 0.04444 0.04537 0.03261 0.02886 0.01624 0.01581 0.01159 0.00351 0.00290 0.00337       
#BSFRF  males                                                   
#Year Season  Fleet Sex Type  Shell Maturity  Nsamp DataVec                                     
2007  3 4 1 0 0 0 628 0.0045  0.0074  0.0103  0.0155  0.0198  0.0321  0.0532  0.0491  0.0443  0.0354  0.0268  0.0231  0.0236  0.0256  0.0223  0.032 0.0246  0.0218  0.017 0.0278
#BSFRF  females                                                   
#Year Season  Fleet Sex Type  Shell Maturity  Nsamp DataVec                                     
2007  3 4 2 0 0 0 623 0.0007  0.0016  0.0044  0.0198  0.0302  0.0705  0.0563  0.0345  0.0364  0.0493  0.0501  0.0448  0.0272  0.0183  0.0152  0.0243  #0  0 0 0
##  Growth data (increment)
# nobs_growth
40
##  Note  SM  used  loewss  regression  for males BBRKC data
##  and cubic spine to  interpolate 3 sets  of  female  BBRKC data
# MidPoint Sex Increment CV
  67.5  2 14.766667 0.2
  72.5  2 13.333333 0.2
  77.5  2 11.866667 0.2
  82.5  2 10.233333 0.2
  87.5  2 9         0.2
  92.5  2 7.866667  0.2
  97.5  2 7.066667  0.2
  102.5 2 6.433333  0.2
  107.5 2 5.933333  0.2
  112.5 2 5.433333  0.2
  117.5 2 4.933333  0.2
  122.5 2 4.433333  0.2
  127.5 2 3.933333  0.2
  132.5 2 3.466667  0.2
  137.5 2 3.033333  0.2
  142.5 2 2.533333  0.2
  147.5 2 2.033333  0.2
  152.5 2 1.533333  0.2
  157.5 2 1.033333  0.2
  162.5 2 0.6       0.2
  67.5  1 16.510674 0.2
  72.5  1 16.454438 0.2
  77.5  1 16.398615 0.2
  82.5  1 16.343118 0.2
  87.5  1 16.287715 0.2
  92.5  1 16.23213  0.2
  97.5  1 16.176368 0.2
  102.5 1 16.123732 0.2
  107.5 1 16.069744 0.2
  112.5 1 16.013906 0.2
  117.5 1 15.957058 0.2
  122.5 1 15.900084 0.2
  127.5 1 15.843143 0.2
  132.5 1 15.786395 0.2
  137.5 1 15.732966 0.2
  142.5 1 15.68064  0.2
  147.5 1 15.628775 0.2
  152.5 1 15.577259 0.2
  157.5 1 15.526092 0.2
  162.5 1 15.475241 0.2
# Use custom growth transition matrix (0=no, 1=yes, by sex and size)
1
# The growth matrix (if not using just fill with zeros)
# Males
 0 0.0374249 0.257557 0.369321 0.236624 0.0941279 0.00494521 0 0 0 0 0 0 0 0 0 0 0 0 0
 0 0 0.0374249 0.257557 0.369321 0.236624 0.0941279 0.00494521 0 0 0 0 0 0 0 0 0 0 0 0
 0 0 0 0.0390317 0.262221 0.369126 0.233146 0.0916878 0.00478779 0 0 0 0 0 0 0 0 0 0 0
 0 0 0 0 0.0406974 0.266902 0.368829 0.229653 0.0892849 0.00463398 0 0 0 0 0 0 0 0 0 0
 0 0 0 0 0 0.0406974 0.266902 0.368829 0.229653 0.0892849 0.00463398 0 0 0 0 0 0 0 0 0
 0 0 0 0 0 0 0.0424237 0.271597 0.36843 0.226146 0.0869192 0.00448375 0 0 0 0 0 0 0 0
 0 0 0 0 0 0 0 0.0424237 0.271597 0.36843 0.226146 0.0869192 0.00448375 0 0 0 0 0 0 0
 0 0 0 0 0 0 0 0 0.0442121 0.276304 0.367927 0.222629 0.084591 0.00433705 0 0 0 0 0 0
 0 0 0 0 0 0 0 0 0 0.0442121 0.276304 0.367927 0.222629 0.084591 0.00433705 0 0 0 0 0
 0 0 0 0 0 0 0 0 0 0 0.0460642 0.28102 0.367321 0.219101 0.0823004 0.00419385 0 0 0 0
 0 0 0 0 0 0 0 0 0 0 0 0.0460642 0.28102 0.367321 0.219101 0.0823004 0.00419385 0 0 0
 0 0 0 0 0 0 0 0 0 0 0 0 0.0479817 0.285742 0.36661 0.215565 0.0800475 0.00405411 0 0
 0 0 0 0 0 0 0 0 0 0 0 0 0 0.0499661 0.290466 0.365796 0.212022 0.0778325 0.0039178 0
 0 0 0 0 0 0 0 0 0 0 0 0 0 0 0.0499661 0.290466 0.365796 0.212022 0.0778325 0.0039178
 0 0 0 0 0 0 0 0 0 0 0 0 0 0 0 0.0520191 0.295189 0.364877 0.208474 0.0794404
 0 0 0 0 0 0 0 0 0 0 0 0 0 0 0 0 0.0520191 0.295189 0.364877 0.287915
 0 0 0 0 0 0 0 0 0 0 0 0 0 0 0 0 0 0.0541422 0.29991 0.645948
 0 0 0 0 0 0 0 0 0 0 0 0 0 0 0 0 0 0 0.0541422 0.945858
 0 0 0 0 0 0 0 0 0 0 0 0 0 0 0 0 0 0 0 1
 0 0 0 0 0 0 0 0 0 0 0 0 0 0 0 0 0 0 0 1
 # Females
 0 0.0315365 0.29835 0.415939 0.203388 0.0507866 0 0 0 0 0 0 0 0 0 0 0 0 0 0
 0 0 0.0715876 0.40062 0.374586 0.133701 0.0195053 0 0 0 0 0 0 0 0 0 0 0 0 0
 0 0 0 0.1459 0.478366 0.296233 0.076745 0.0027561 0 0 0 0 0 0 0 0 0 0 0 0
 0 0 0 0.00293279 0.2747 0.495812 0.195133 0.0314218 0 0 0 0 0 0 0 0 0 0 0 0
 0 0 0 0 0.0106724 0.435786 0.435296 0.110078 0.00816757 0 0 0 0 0 0 0 0 0 0 0
 0 0 0 0 0 0.0342176 0.540301 0.364189 0.0612922 0 0 0 0 0 0 0 0 0 0 0
 0 0 0 0 0 0 0.0569465 0.602618 0.304312 0.0361236 0 0 0 0 0 0 0 0 0 0
 0 0 0 0 0 0 0 0.0853184 0.644334 0.2515 0.0188471 0 0 0 0 0 0 0 0 0
 0 0 0 0 0 0 0 0 0.12638 0.660964 0.206567 0.00608825 0 0 0 0 0 0 0 0
 0 0 0 0 0 0 0 0 0 0.172781 0.666124 0.161095 0 0 0 0 0 0 0 0
 0 0 0 0 0 0 0 0 0 0 0.231245 0.653752 0.115003 0 0 0 0 0 0 0
 0 0 0 0 0 0 0 0 0 0 0 0.302451 0.622588 0.0749609 0 0 0 0 0 0
 0 0 0 0 0 0 0 0 0 0 0 0 0.385785 0.573046 0.041169 0 0 0 0 0
 0 0 0 0 0 0 0 0 0 0 0 0 0 0.478849 0.507767 0.0133836 0 0 0 0
 0 0 0 0 0 0 0 0 0 0 0 0 0 0 0.560249 0.439751 0 0 0 0
 0 0 0 0 0 0 0 0 0 0 0 0 0 0 0 1 0 0 0 0
 0 0 0 0 0 0 0 0 0 0 0 0 0 0 0 0 0 0 0 0
 0 0 0 0 0 0 0 0 0 0 0 0 0 0 0 0 0 0 0 0
 0 0 0 0 0 0 0 0 0 0 0 0 0 0 0 0 0 0 0 0
 0 0 0 0 0 0 0 0 0 0 0 0 0 0 0 0 0 0 0 0
# Use custom natural mortality (0=no, 1=yes, by sex and year)
1
# Custom natural mortality rates (by sex)
 0.18 0.270878 0.270878 0.270878 0.270878 0.986707 0.986707 0.986707 0.986707 0.986707 0.270878 0.270878 0.270878 0.270878 0.270878 0.270878 0.270878 0.270878 0.270878 0.18 0.18 0.18 0.18 0.18 0.18 0.18 0.18 0.18 0.18 0.18 0.18 0.18 0.18 0.18 0.18 0.18 0.18 0.18 0.18 0.18 0.18 0.18
 0.18 0.18 0.18 0.18 0.18 0.64029 0.64029 0.64029 0.64029 0.64029 0.18 0.18 0.18 0.18 0.18 0.18 0.18 0.18 0.18 0.18 0.18 0.18 0.18 0.18 0.18 0.18 0.18 0.18 0.18 0.18 0.18 0.18 0.18 0.18 0.18 0.18 0.18 0.18 0.18 0.18 0.18 0.18
##  eof
9999
