# Gmacs Main Data File Version 1.02
# Fisheries: -1 Discard, 0 Pot Fishery, 1 Trawl by-catch, 2 Tanner by-catch
# Surveys: 1 NMFS Trawl Survey, 2 BSFRF Index

1968	# Start year
2010	# End year
1		# Time-step (years)
2		# Number of sexes
2		# Number of fishing fleets (NOTE: pot and discards currently fixed 'fleets' and these extra fleets. Change this.)
2		# Number of surveys
5		# Number of size classes in the model
20		# Number of size-classes in the data

# Links between data size classes and model size classes
1   4
5   8
9  12
13 16
17 20

1 1 1 1 				# Catch units (per fishery) # 1= biomass (tons); 2=numbers
1000 1000 1000 1000		# Catch multipliers
2 2						# Survey units
1000 1000				# Survey multipliers
172						# Number of lines of catch data to read
88						# Number of lines of survey data to read
0.5						# Time between survey and fishery

# Catch data
# Year, Season, Fleet, Catch
1968	1	-1	0		
1969	1	-1	0
1970	1	-1	0
1971	1	-1	0
1972	1	-1	0
1973	1	-1	0
1974	1	-1	0
1975	1	-1	0
1976	1	-1	0
1977	1	-1	0
1978	1	-1	0
1979	1	-1	0
1980	1	-1	0
1981	1	-1	0
1982	1	-1	0
1983	1	-1	0
1984	1	-1	0
1985	1	-1	0
1986	1	-1	0
1987	1	-1	0
1988	1	-1	0
1989	1	-1	0
1990	1	-1	2.007217356
1991	1	-1	1.499104609
1992	1	-1	1.325487342
1993	1	-1	2.547012128
1994	1	-1	0
1995	1	-1	0
1996	1	-1	0.595119119
1997	1	-1	0.713863332
1998	1	-1	3.584581435
1999	1	-1	1.406309082
2000	1	-1	1.235999509
2001	1	-1	1.190035241
2002	1	-1	1.509166271
2003	1	-1	3.043101099
2004	1	-1	0.708887472
2005	1	-1	5.447537937
2006	1	-1	2.099719769
2007	1	-1	3.302423531
2008	1	-1	4.444923701
2009	1	-1	3.52682827
2010	1	-1	3.255224085
1968	1	0	16.4
1969	1	0	11.243
1970	1	0	9.772
1971	1	0	8.655
1972	1	0	12.004
1973	1	0	12.311
1974	1	0	19.388
1975	1	0	23.281
1976	1	0	28.994
1977	1	0	31.737
1978	1	0	39.743
1979	1	0	48.91
1980	1	0	58.944
1981	1	0	15.237
1982	1	0	1.361
1983	1	0	0
1984	1	0	1.897
1985	1	0	1.894
1986	1	0	5.168
1987	1	0	5.574
1988	1	0	3.351
1989	1	0	4.656
1990	1	0	9.273
1991	1	0	7.885
1992	1	0	3.709
1993	1	0	6.66
1994	1	0	0.042
1995	1	0	0.036
1996	1	0	3.862
1997	1	0	4.042
1998	1	0	6.779
1999	1	0	5.378
2000	1	0	3.738
2001	1	0	3.866
2002	1	0	4.385
2003	1	0	7.135
2004	1	0	7.007
2005	1	0	8.4
2006	1	0	7.143
2007	1	0	9.304
2008	1	0	9.216
2009	1	0	7.272
2010	1	0	6.762
1968	1	1	0
1969	1	1	0
1970	1	1	0
1971	1	1	0
1972	1	1	0
1973	1	1	0
1974	1	1	0
1975	1	1	0
1976	1	1	0.887
1977	1	1	1.416
1978	1	1	1.655
1979	1	1	1.92
1980	1	1	1.131
1981	1	1	0.22
1982	1	1	0.448
1983	1	1	0.404
1984	1	1	1.122
1985	1	1	0.444
1986	1	1	0.254
1987	1	1	0.186
1988	1	1	0.778
1989	1	1	0.237
1990	1	1	0.306
1991	1	1	0.322
1992	1	1	0.498
1993	1	1	0
1994	1	1	0.145
1995	1	1	0.126
1996	1	1	0.135
1997	1	1	0.114
1998	1	1	0.235
1999	1	1	0.256
2000	1	1	0.141
2001	1	1	0.225
2002	1	1	0.176
2003	1	1	0.208
2004	1	1	0.137
2005	1	1	0.213
2006	1	1	0.124
2007	1	1	0.204
2008	1	1	0.238
2009	1	1	0.152
2010	1	1	0.122
1968	1	2	0
1969	1	2	0
1970	1	2	0
1971	1	2	0
1972	1	2	0
1973	1	2	0
1974	1	2	0
1975	1	2	0
1976	1	2	0
1977	1	2	0
1978	1	2	0
1979	1	2	0
1980	1	2	0
1981	1	2	0
1982	1	2	0
1983	1	2	0
1984	1	2	0
1985	1	2	0
1986	1	2	0
1987	1	2	0
1988	1	2	0
1989	1	2	0
1990	1	2	0
1991	1	2	0.471018
1992	1	2	0.153993
1993	1	2	0.0384672
1994	1	2	0
1995	1	2	0
1996	1	2	0
1997	1	2	0
1998	1	2	0
1999	1	2	0
2000	1	2	0
2001	1	2	0
2002	1	2	0
2003	1	2	0
2004	1	2	0
2005	1	2	0
2006	1	2	0
2007	1	2	0
2008	1	2	0
2009	1	2	0
2010	1	2	0

# Survey data (adundance indices)
# Year, Season, Survey, Obs, Err
1968	1	1	49.98149876	0.2
1969	1	1	45.98887874	0.2
1970	1	1	28.49876378	0.2
1971	1	1	-1	-1
1972	1	1	31.9873901	0.16
1973	1	1	97.60202588	0.12
1974	1	1	139.3897878	0.14
1975	1	1	161.1481537	0.18
1976	1	1	184.6369643	0.19
1977	1	1	225.4820798	0.14
1978	1	1	224.8711283	0.15
1979	1	1	171.0281627	0.12
1980	1	1	162.0059434	0.22
1981	1	1	72.66277842	0.1
1982	1	1	70.88060418	0.26
1983	1	1	20.14109128	0.22
1984	1	1	49.63677179	0.64
1985	1	1	19.23154467	0.16
1986	1	1	28.55626343	0.19
1987	1	1	47.49625561	0.21
1988	1	1	32.5984591	0.21
1989	1	1	34.8781941	0.21
1990	1	1	36.87053274	0.21
1991	1	1	48.16707092	0.46
1992	1	1	20.35986715	0.17
1993	1	1	28.19321585	0.17
1994	1	1	16.5712593	0.17
1995	1	1	24.30238816	0.22
1996	1	1	29.95415974	0.2
1997	1	1	38.63195226	0.26
1998	1	1	48.89559812	0.18
1999	1	1	37.04373311	0.16
2000	1	1	43.31580773	0.17
2001	1	1	29.71449131	0.18
2002	1	1	48.87947295	0.2
2003	1	1	60.65781218	0.16
2004	1	1	57.54862346	0.16
2005	1	1	70.93678171	0.17
2006	1	1	63.47205131	0.13
2007	1	1	56.99998406	0.14
2008	1	1	62.17678984	0.2
2009	1	1	49.32716453	0.32
2010	1	1	45.19262181	0.15
2011	1	1	38.9328442	0.133
1968	1	2	0	0
1969	1	2	0	0
1970	1	2	0	0
1971	1	2	0	0
1972	1	2	0	0
1973	1	2	0	0
1974	1	2	0	0
1975	1	2	0	0
1976	1	2	0	0
1977	1	2	0	0
1978	1	2	0	0
1979	1	2	0	0
1980	1	2	0	0
1981	1	2	0	0
1982	1	2	0	0
1983	1	2	0	0
1984	1	2	0	0
1985	1	2	0	0
1986	1	2	0	0
1987	1	2	0	0
1988	1	2	0	0
1989	1	2	0	0
1990	1	2	0	0
1991	1	2	0	0
1992	1	2	0	0
1993	1	2	0	0
1994	1	2	0	0
1995	1	2	0	0
1996	1	2	0	0
1997	1	2	0	0
1998	1	2	0	0
1999	1	2	0	0
2000	1	2	0	0
2001	1	2	0	0
2002	1	2	0	0
2003	1	2	0	0
2004	1	2	0	0
2005	1	2	0	0
2006	1	2	0	0
2007	1	2	22.331	0.0634
2008	1	2	19.747	0.0765
2009	1	2	0	0
2010	1	2	0	0
2011	1	2	0	0

# Discard mortalities per fishery
1.0   # Pot discards
1.0   # Landed catches
1.0   # Trawl bycatch
1.0   # Tanner fishery

# Fishery retention values (highgrading rate)
# 68 69 70 71 72 73 74 75 76 77 78 79 80 81 82 83 84 85 86 87 88 89 90 91 92 93 94 95 96 97 98 99 00 01 02 03 04    2005   2006   2007     2008  2009 2010
   0  0  0  0  0  0  0  0  0  0  0  0  0  0  0  0  0  0  0  0  0  0  0  0  0  0  0  0  0  0  0  0  0  0  0  0  0  0.2785 0.0440 0.0197 0.019875     0    0

# Fishery timing (as fraction of year)
# 1968   1969   1970   1971   1972   1973   1974   1975  1976     1977    1978    1979    1980    1981    1982   1983   1984  1985  1986   1987   1988    1989    1990    1991    1992    1993  1994  1995  1996 1997 1998 1999 2000 2001 2002 2003 2004 2005 2006 2007 2008 2009 2010
   0.5    0.5    0.5    0.5    0.5    0.5    0.5    0.5   0.5      0.5     0.5     0.5     0.5     0.5     0.5    0.5    0.5   0.5   0.5    0.5    0.5     0.5     0.5     0.5     0.5     0.5   0.5   0.5   0.5  0.5  0.5  0.5  0.5  0.5  0.5  0.5  0.5  0.5 0.5   0.5  0.5  0.5  0.5 
   0.5    0.5    0.5    0.5    0.5    0.5    0.5    0.5   0.5      0.5     0.5     0.5     0.5     0.5     0.5    0.5    0.5   0.5   0.5    0.5    0.5     0.5     0.5     0.5     0.5     0.5   0.5   0.5   0.5  0.5  0.5  0.5  0.5  0.5  0.5  0.5  0.5  0.5 0.5   0.5  0.5  0.5  0.5 
   0.5    0.5    0.5    0.5    0.5    0.5    0.5    0.5   0.5      0.5     0.5     0.5     0.5     0.5     0.5    0.5    0.5   0.5   0.5    0.5    0.5     0.5     0.5     0.5     0.5     0.5   0.5   0.5   0.5  0.5  0.5  0.5  0.5  0.5  0.5  0.5  0.5  0.5 0.5   0.5  0.5  0.5  0.5

# Effort (by fishery)
# 1968   1969   1970   1971   1972   1973   1974   1975  1976     1977    1978    1979    1980    1981    1982   1983   1984  1985  1986   1987   1988    1989    1990    1991    1992    1993  1994  1995  1996 1997 1998 1999 2000 2001 2002 2003 2004 2005 2006 2007 2008 2009 2010
   1.0    1.0    1.0    1.0    1.0    1.0    1.0    1.0   1.0      1.0     1.0     1.0     1.0     1.0     1.0    0.0    1.0   1.0   1.0    1.0    1.0     1.0     1.0     1.0     1.0     1.0   0.0   0.0   1.0  1.0  1.0  1.0  1.0  1.0  1.0  1.0  1.0  1.0 1.0   1.0  1.0  1.0  1.0
   1.0    1.0    1.0    1.0    1.0    1.0    1.0    1.0   1.0      1.0     1.0     1.0     1.0     1.0     1.0    1.0    1.0   1.0   1.0    1.0    1.0     1.0     1.0     1.0     1.0     1.0   1.0   1.0   1.0  1.0  1.0  1.0  1.0  1.0  1.0  1.0  1.0  1.0 1.0   1.0  1.0  1.0  1.0
  20.0   20.0   20.0   20.0   20.0   20.0   20.0   20.0  20.0  120.031  88.489 110.989 267.154  87.951 102.987 16.239 52.598 0.000 0.000 32.750 53.203 108.519 109.371 152.541 154.976 159.922 1.042   0.0   0.0  0.0  0.0  0.0  0.0  0.0  0.0  0.0  0.0  0.0 2.0   2.0  2.0  1.5  0.0 

# Use effort to compute F (by fishery)
0 1900 1900 1900 1900
0 1900 1900 1900 1900
0 1900 1900 1900 1900 

# Natural mortality pointer
# 68 69 70 71 72 73 74 75 76 77 78 79 80 81 82 83 84 85 86 87 88 89 90 91 92 93 94 95 96 97 98 99 00 01 02 03 04 05 06 07 08 09 10
   1  1  1  1  1  1  1  1  3  3  3  3  2  2  2  2  2  3  3  3  3  3  3  3  3  3  1  1  1  1  1  1  1  1  1  1  1  1  1  1  1  1  1
 
# Mean Length Vector (length n-size-classes)
67.5	72.5	77.5	82.5	87.5	92.5	97.5	102.5	107.5	112.5	117.5	122.5	127.5	132.5	137.5	142.5	147.5	152.5	157.5	162.5

# Mean Weight Vector (length n-size-classes)
0.218	0.273	0.337	0.411	0.495	0.59	0.696	0.815	0.948	1.094	1.256	1.432	1.625	1.835	2.063	2.31	2.576	2.862	3.169	3.7

# Fecundity (weight * proportion mature) 
0	0	0	0	0	0	0	0	0	0	0	1.432	1.625	1.835	2.063	2.31	2.576	2.862	3.169	3.7

2	# Length frequency compostion data for fleet (-1): total catch (1) or discards (2)
96	# Number of length frequency lines to read

# Length frequency data for fishing fleets
# Year, Season, Fleet, Sex, Nsamp, DataVec																			
1990	1	-1	3	100	1.900000	0.000000	1.900000	13.800000	7.900000	21.700000	11.900000	65.000000	86.600000	131.800000	210.700000	261.800000	320.900000	419.400000	147.600000	15.800000	0.000000	0.000000	0.000000	0.000000
1991	1	-1	3	100	4.800000	14.700000	28.600000	31.100000	35.200000	57.300000	47.400000	91.600000	90.700000	100.600000	93.200000	163.500000	230.600000	313.100000	136.500000	14.700000	0.000000	0.000000	0.000000	0.000000
1992	1	-1	3	100	0.000000	2.100000	2.800000	25.600000	51.200000	126.600000	200.400000	263.500000	272.800000	283.600000	272.100000	288.400000	256.400000	186.100000	67.600000	6.500000	0.000000	0.000000	0.000000	0.000000
1993	1	-1	3	100	5.100000	12.100000	15.300000	13.400000	16.700000	32.800000	83.900000	153.500000	209.100000	290.300000	358.600000	415.000000	408.000000	458.300000	200.800000	14.800000	0.000000	0.000000	0.000000	0.000000
1996	1	-1	3	100	0.000000	0.000000	0.000000	7.800000	31.200000	49.400000	44.100000	18.200000	28.600000	41.600000	36.400000	59.700000	88.400000	119.500000	62.400000	7.800000	0.000000	0.000000	0.000000	0.000000
1997	1	-1	3	100	0.000000	0.200000	0.500000	0.600000	1.400000	17.900000	50.300000	99.200000	115.400000	118.700000	93.800000	91.200000	116.000000	129.600000	68.300000	6.900000	0.000000	0.000000	0.000000	0.000000
1998	1	-1	3	100	0.600000	1.600000	2.500000	14.000000	22.200000	31.700000	33.000000	55.500000	124.100000	307.800000	444.900000	654.300000	649.500000	574.600000	226.600000	30.800000	0.000000	0.000000	0.000000	0.000000
1999	1	-1	3	100	0.000000	0.000000	0.000000	7.900000	7.900000	2.700000	7.000000	7.900000	13.200000	26.400000	58.100000	116.200000	195.300000	299.100000	173.300000	7.000000	0.000000	0.000000	0.000000	0.000000
2000	1	-1	3	100	0.400000	7.100000	26.700000	67.300000	85.400000	80.200000	82.900000	80.900000	74.100000	77.700000	99.200000	147.500000	208.500000	216.500000	124.700000	13.500000	0.000000	0.000000	0.000000	0.000000
2001	1	-1	3	100	2.600000	9.300000	15.100000	18.700000	25.200000	49.000000	92.200000	140.600000	163.800000	194.200000	201.200000	229.100000	214.100000	183.100000	78.100000	7.300000	0.000000	0.000000	0.000000	0.000000
2002	1	-1	3	100	1.800000	9.300000	9.200000	13.900000	9.900000	15.900000	20.300000	51.200000	96.200000	174.400000	235.600000	260.400000	250.700000	241.600000	122.600000	14.200000	0.000000	0.000000	0.000000	0.000000
2003	1	-1	3	100	28.700000	42.200000	51.800000	112.400000	195.700000	236.100000	255.300000	237.500000	227.600000	212.400000	232.200000	339.700000	468.700000	605.600000	276.900000	22.700000	0.000000	0.000000	0.000000	0.000000
2004	1	-1	3	100	0.600000	11.400000	27.200000	62.100000	78.500000	74.400000	94.700000	167.400000	213.000000	223.500000	169.600000	130.600000	107.700000	105.900000	62.200000	10.400000	0.000000	0.000000	0.000000	0.000000
2005	1	-1	3	100	0.800000	3.000000	5.500000	10.900000	28.900000	83.600000	129.900000	158.500000	172.000000	249.400000	362.400000	521.600000	523.800000	525.300000	276.600000	99.500000	93.300000	132.200000	130.700000	284.400000
2006	1	-1	3	100	0.600000	2.300000	7.900000	27.100000	56.200000	68.000000	66.300000	62.500000	81.600000	138.200000	167.600000	206.400000	248.400000	318.200000	230.000000	51.300000	18.900000	15.400000	13.500000	23.800000
2007	1	-1	3	100	4.500000	15.000000	24.500000	35.200000	61.700000	131.900000	236.800000	306.100000	334.000000	308.500000	294.800000	355.500000	464.600000	594.300000	344.100000	45.500000	11.400000	10.200000	8.000000	13.200000
2008	1	-1	3	100	0.500000	1.300000	4.600000	17.600000	40.900000	53.500000	60.400000	81.000000	167.100000	306.100000	480.500000	679.000000	752.700000	695.800000	372.300000	37.600000	5.200000	6.800000	6.900000	17.000000
2009	1	-1	3	100	1.100000	2.900000	5.000000	8.700000	11.300000	20.200000	49.300000	111.200000	174.700000	195.200000	220.900000	326.700000	501.100000	668.300000	402.900000	41.400000	5.900000	4.500000	6.100000	12.000000
2010	1	-1	3	100	1.740000	2.790000	6.060000	13.450000	20.970000	29.340000	36.510000	53.660000	84.110000	133.440000	237.130000	373.850000	497.190000	584.720000	332.740000	33.870000	4.110000	4.530000	3.970000	10.310000
1968	1	0	3	400	0.000000	0.000000	0.000000	0.000000	0.000000	0.000000	0.000000	0.000000	0.000000	0.000000	0.000000	27.314811	174.814789	344.166616	480.740669	682.870269	710.185080	753.888777	617.314723	1693.518267
1969	1	0	3	400	0.000000	0.000000	0.000000	0.000000	0.000000	0.000000	0.000000	0.000000	0.000000	0.000000	0.559896	105.719924	270.341589	431.763631	500.711980	625.676705	578.486000	535.253118	384.039314	755.674844
1970	1	0	3	400	0.000000	0.000000	0.000000	0.000000	0.000000	0.000000	0.000000	0.000000	0.000000	0.000000	21.779477	176.655758	411.759244	642.309410	682.750258	522.623691	437.803083	289.530940	184.899114	396.131025
1971	1	0	3	400	0.000000	0.000000	0.000000	0.000000	0.000000	0.000000	0.000000	0.000000	0.000000	0.000000	0.000000	0.000000	19.798348	361.588785	785.672669	851.986633	668.925868	482.901366	297.487458	337.403874
1972	1	0	3	400	0.000000	0.000000	0.000000	0.000000	0.000000	0.000000	0.000000	0.000000	0.000000	0.000000	0.000000	0.000000	41.185815	610.943438	1015.910580	1033.087008	869.549660	618.137223	383.896250	435.348027
1973	1	0	3	400	0.000000	0.000000	0.000000	0.000000	0.000000	0.000000	0.000000	0.000000	0.000000	0.000000	0.000000	0.452059	36.164704	513.086738	916.775246	862.980249	759.458784	613.895850	377.017039	440.757330
1974	1	0	3	400	0.000000	0.000000	0.000000	0.000000	0.000000	0.000000	0.000000	0.000000	0.000000	0.000000	0.000000	0.000000	90.700000	945.400000	1716.300000	1735.500000	1408.300000	912.700000	542.200000	543.700000
1975	1	0	3	400	0.000000	0.000000	0.000000	0.000000	0.000000	0.000000	0.000000	0.000000	0.000000	0.000000	0.000000	0.000000	62.100000	648.000000	1504.800000	1958.400000	1855.800000	1280.000000	750.000000	686.100000
1976	1	0	3	400	0.000000	0.000000	0.000000	0.000000	0.000000	0.000000	0.000000	0.000000	0.000000	0.000000	0.000000	0.000000	17.200000	307.700000	1503.100000	2456.100000	2331.200000	1733.800000	1135.800000	1118.500000
1977	1	0	3	400	0.000000	0.000000	0.000000	0.000000	0.000000	0.000000	0.000000	0.000000	0.000000	0.000000	0.000000	0.000000	19.800000	225.700000	1621.200000	2864.900000	2612.200000	1883.600000	1219.900000	1285.800000
1978	1	0	3	400	0.000000	0.000000	0.000000	0.000000	0.000000	0.000000	0.000000	0.000000	0.000000	0.000000	0.000000	0.000000	17.100000	308.000000	2125.400000	3816.500000	3540.100000	2466.600000	1423.700000	1048.200000
1979	1	0	3	400	0.000000	0.000000	0.000000	0.000000	0.000000	0.000000	0.000000	0.000000	0.000000	0.000000	0.000000	0.000000	21.100000	200.600000	1256.200000	2771.500000	3357.700000	3368.000000	2616.100000	3217.400000
1980	1	0	3	400	0.000000	0.000000	0.000000	0.000000	0.000000	0.000000	0.000000	0.000000	0.000000	0.000000	0.000000	0.000000	16.300000	288.000000	1915.900000	3691.100000	4064.200000	3734.600000	2926.100000	4209.200000
1981	1	0	3	400	0.000000	0.000000	0.000000	0.000000	0.000000	0.000000	0.000000	0.000000	0.000000	0.000000	0.000000	0.000000	3.300000	119.200000	617.860000	925.150000	908.240000	841.010000	681.380000	1211.800000
1982	1	0	3	400	0.000000	0.000000	0.000000	0.000000	0.000000	0.000000	0.000000	0.000000	0.000000	0.000000	0.000000	0.000000	0.000000	29.420000	139.360000	151.580000	90.170000	45.280000	27.470000	57.730000
1984	1	0	3	400	0.000000	0.000000	0.000000	0.000000	0.000000	0.000000	0.000000	0.000000	0.000000	0.000000	0.000000	0.200000	1.800000	51.900000	246.900000	248.900000	140.000000	67.200000	25.500000	11.500000
1985	1	0	3	400	0.000000	0.000000	0.000000	0.000000	0.000000	0.000000	0.000000	0.000000	0.000000	0.000000	0.000000	0.400000	3.500000	62.900000	228.400000	246.600000	151.100000	68.500000	24.400000	10.300000
1986	1	0	3	400	0.000000	0.000000	0.000000	0.000000	0.000000	0.000000	0.000000	0.000000	0.000000	0.000000	0.000000	0.000000	3.400000	111.400000	548.600000	690.600000	437.600000	205.300000	73.900000	28.800000
1987	1	0	3	400	0.000000	0.000000	0.000000	0.000000	0.000000	0.000000	0.000000	0.000000	0.000000	0.000000	0.000000	0.000000	2.800000	60.300000	402.200000	646.200000	535.300000	301.500000	120.000000	54.100000
1988	1	0	3	400	0.000000	0.000000	0.000000	0.000000	0.000000	0.000000	0.000000	0.000000	0.000000	0.000000	0.000000	0.000000	0.000000	25.000000	160.000000	327.100000	305.400000	231.900000	127.700000	58.900000
1989	1	0	3	400	0.000000	0.000000	0.000000	0.000000	0.000000	0.000000	0.000000	0.000000	0.000000	0.000000	0.000000	0.000000	0.800000	31.500000	204.000000	372.100000	368.900000	321.500000	201.600000	184.400000
1990	1	0	3	400	0.000000	0.000000	0.000000	0.000000	0.000000	0.000000	0.000000	0.000000	0.000000	0.000000	0.000000	0.902738	0.000000	45.738726	277.541787	563.810042	534.220296	540.740071	447.958664	718.980676
1991	1	0	3	400	0.000000	0.000000	0.000000	0.000000	0.000000	0.000000	0.000000	0.000000	0.000000	0.000000	0.101144	0.303432	1.314873	37.625593	225.652416	439.268688	476.186273	462.734112	381.110849	636.499621
1992	1	0	3	400	0.000000	0.000000	0.000000	0.000000	0.000000	0.000000	0.000000	0.000000	0.000000	0.000000	0.302800	0.201867	0.605599	11.506390	77.113003	159.070802	202.068366	211.051425	197.627303	348.623445
1993	1	0	3	400	0.000000	0.000000	0.000000	0.000000	0.000000	0.000000	0.000000	0.000000	0.000000	0.000000	0.000000	0.000000	3.185309	31.299117	213.277152	406.057628	394.632112	362.294213	302.119630	556.805840
1984	1	0	3	400	0.000000	0.000000	0.000000	0.000000	0.000000	0.000000	0.000000	0.000000	0.000000	0.000000	0.000000	0.703805	0.703805	16.325292	98.516792	177.894069	204.774446	223.914959	211.248458	330.313374
1997	1	0	3	400	0.000000	0.000000	0.000000	0.000000	0.000000	0.000000	0.000000	0.000000	0.000000	0.000000	0.000000	0.509459	0.424549	18.518342	120.200401	198.776988	214.407396	227.319689	212.453470	345.056705
1998	1	0	3	400	0.000000	0.000000	0.000000	0.000000	0.000000	0.000000	0.000000	0.000000	0.000000	0.700000	0.832339	0.416169	1.803400	50.356481	265.654715	357.073230	333.351582	320.450335	311.849503	595.260773
1999	1	0	3	400	0.000000	0.000000	0.000000	0.000000	0.000000	0.000000	0.000000	0.000000	0.000000	0.000000	0.108827	0.000000	0.108827	28.186226	252.478931	495.054594	440.641031	312.225023	184.679632	209.056908
2000	1	0	3	400	0.000000	0.000000	0.000000	0.000000	0.000000	0.000000	0.000000	0.000000	0.000000	0.090297	0.000000	0.180595	0.361190	14.086409	118.470313	247.505433	268.635047	231.883967	158.652699	232.335454
2001	1	0	3	400	0.000000	0.000000	0.000000	0.000000	0.000000	0.000000	0.000000	0.000000	0.000000	0.300000	0.300000	0.300000	1.602000	23.226000	107.619000	216.238000	255.482000	251.277000	193.814000	236.561000
2002	1	0	3	400	0.000000	0.000000	0.000000	0.000000	0.000000	0.000000	0.000000	0.000000	0.000000	0.372000	0.093000	0.000000	0.280000	22.361000	160.257000	279.704000	284.269000	249.796000	198.085000	289.208000
2003	1	0	3	400	0.000000	0.000000	0.000000	0.000000	0.000000	0.000000	0.000000	0.000000	0.000000	0.464440	0.154840	0.619360	2.167759	61.006934	367.590002	582.352990	469.784358	375.796518	249.447133	400.880588
2004	1	0	3	400	0.000000	0.000000	0.000000	0.000000	0.000000	0.000000	0.000000	0.000000	0.000000	0.000000	0.113383	0.000000	0.453533	14.513065	116.784821	295.703703	386.637127	447.864121	370.876845	638.915018
2005	1	0	3	400	0.000000	0.000000	0.000000	0.000000	0.000000	0.000000	0.000000	0.000000	0.000000	0.099141	0.198282	0.297423	2.280243	41.540082	237.442711	426.405470	458.824579	492.631663	418.969895	683.973806
2006	1	0	3	400	0.000000	0.000000	0.000000	0.000000	0.000000	0.000000	0.000000	0.000000	0.000000	0.000000	0.274796	0.274796	0.961786	25.143837	183.014155	471.962178	545.744912	467.428044	339.373095	442.696401
2007	1	0	3	400	0.000000	0.000000	0.000000	0.000000	0.000000	0.000000	0.000000	0.000000	0.000000	0.000000	0.000000	0.563595	0.845392	20.993905	274.752448	578.248229	609.950434	582.334291	464.402086	622.208620
2008	1	0	3	400	0.000000	0.000000	0.000000	0.000000	0.000000	0.000000	0.000000	0.000000	0.000000	0.000000	0.000000	0.210341	0.631022	30.709732	228.640268	446.342823	496.193553	548.568371	497.876278	814.859612
2009	1	0	3	400	0.000000	0.000000	0.000000	0.000000	0.000000	0.000000	0.000000	0.000000	0.000000	0.000000	0.000000	0.000000	0.536559	27.632781	294.168389	565.398886	502.487361	405.504350	276.864366	480.354309
2010	1	0	3	400	0.000000	0.000000	0.000000	0.000000	0.000000	0.000000	0.000000	0.000000	0.000000	0.000000	0.119678	0.119678	0.718066	21.901011	237.679829	540.703659	539.267527	448.432185	275.737324	345.270044
1976	1	1	3	50	0.000000	0.000000	0.000000	0.000000	0.000000	4.999800	3.346020	1.653780	8.307360	3.346020	9.999600	14.999400	16.653180	24.960540	38.306160	33.306360	28.306560	34.960140	24.960540	49.959540
1977	1	1	3	50	2.835720	0.708930	0.708930	0.708930	2.048020	2.756950	6.222830	7.640690	24.970090	38.203450	47.183230	78.454920	85.386680	98.541270	81.920800	83.259890	79.085080	49.940180	25.679020	34.737570
1978	1	1	3	50	0.000000	0.000000	0.000000	0.000000	0.000000	0.000000	0.000000	1.616250	0.775800	1.616250	9.632850	17.714100	33.036150	56.374800	80.489250	74.864700	51.526050	63.615600	43.444800	121.542000
1979	1	1	3	50	13.104360	0.957060	1.840500	0.957060	1.840500	5.595120	2.797560	1.840500	0.957060	4.638060	3.754620	8.392680	16.785360	40.932720	42.846840	52.122960	66.110760	63.313200	59.558580	136.785960
1980	1	1	3	50	60.603030	23.624910	10.956480	15.407550	16.206460	18.603190	31.271620	30.016190	43.369400	42.798750	48.162860	44.967220	41.999840	43.027010	35.722690	26.364030	23.624910	16.206460	14.951030	30.244450
1981	1	1	3	50	6.998020	0.747880	1.201950	1.762860	2.991520	4.674250	7.452090	9.321790	10.310060	13.461840	11.592140	12.820800	7.665770	8.921140	6.437110	5.662520	2.991520	1.709440	1.362210	2.323770
1982	1	1	3	50	55.056540	21.048720	19.399380	25.604040	27.960240	34.793220	32.122860	31.651620	31.494540	37.306500	33.458040	37.620660	31.808700	25.604040	17.121720	12.016620	6.597360	4.084080	2.984520	7.775460
1983	1	1	3	50	11.383680	10.545920	16.558080	16.952320	15.326080	15.720320	18.578560	21.929600	23.309440	23.210880	22.520960	21.535360	20.155520	20.401920	18.282880	13.946240	10.053120	6.357120	4.730880	8.870400
1984	1	1	3	50	42.756120	18.223920	17.172540	23.247180	31.541400	39.952440	46.611180	47.545740	50.349420	55.606320	59.695020	69.624720	69.391080	65.769660	55.255860	41.471100	30.840480	19.859400	12.733380	17.055720
1985	1	1	3	50	1.400970	0.384580	0.933980	1.620730	2.747000	4.505080	7.032320	10.878120	9.806790	12.251620	14.778860	17.470920	23.157210	23.679140	24.256010	23.157210	17.525860	12.498850	8.213530	15.877660
1986	1	1	3	50	2.214270	0.446040	1.274400	1.688580	2.532870	3.170070	3.775410	4.189590	3.902850	5.033880	6.260490	8.474760	11.772270	12.297960	12.791790	11.246580	9.621720	6.308280	5.209110	6.387930
1987	1	1	3	50	0.211650	0.298800	0.697200	0.946200	1.431750	2.116500	2.875950	3.647850	4.120950	4.345050	5.863950	6.299700	6.760350	7.719000	8.042700	7.631850	7.233450	4.432200	2.875950	3.224550
1988	1	1	3	50	9.810840	0.430300	0.559390	0.989690	1.936350	4.087850	6.712680	9.208420	10.800530	12.048400	12.521730	14.328990	16.781700	20.267130	25.990120	29.991910	33.047040	27.281020	18.502900	16.910790
1989	1	1	3	50	0.109000	0.109000	0.131000	0.131000	0.262000	0.393000	0.917000	1.147000	1.671000	2.501000	3.276000	5.165000	5.515000	6.694000	8.561000	9.271000	8.802000	8.430000	7.043000	10.035000
1990	1	1	3	50	4.123000	1.031000	1.546000	0.515000	1.804000	1.289000	5.137000	2.835000	5.652000	6.168000	4.123000	5.395000	5.395000	7.456000	11.837000	12.868000	13.108000	11.064000	5.910000	11.837000
1991	1	1	3	50	8.826000	5.303000	4.129000	1.174000	4.129000	2.367000	2.954000	2.954000	7.083000	4.129000	7.670000	5.909000	5.909000	4.129000	5.909000	13.579000	6.496000	9.432000	9.432000	27.140000
1992	1	1	3	50	0.000000	0.000000	0.000000	0.000000	0.000000	1.911000	0.000000	0.000000	0.000000	3.822000	4.749000	5.704000	11.437000	10.481000	11.437000	10.481000	7.615000	6.660000	1.911000	8.571000
1994	1	1	3	50	0.294020	0.294020	0.294020	0.366320	0.072300	0.000000	0.000000	0.072300	0.072300	0.149420	0.072300	0.149420	0.443440	0.660340	0.954360	2.058140	1.985840	2.573880	3.827080	13.905700
1995	1	1	3	50	2.057380	0.170560	0.874120	0.692900	0.351780	0.874120	1.737580	1.737580	1.044680	1.737580	1.567020	0.692900	1.215240	1.044680	1.044680	1.737580	2.611700	2.089360	0.351780	1.215240
1996	1	1	3	50	0.000000	0.030520	0.083930	0.144970	0.671440	1.457330	2.395820	3.151190	3.448760	3.532690	3.502170	3.563210	2.952810	3.975230	2.540790	3.181710	2.891770	3.502170	3.418240	10.781190
1997	1	1	3	50	0.044100	0.044100	0.000000	0.000000	0.044100	0.044100	0.044100	0.215600	0.171500	0.906500	1.636600	2.151100	2.366700	2.454900	3.140900	2.797900	2.454900	2.670500	2.151100	6.585600
1998	1	1	3	50	0.215510	0.037480	0.103070	0.037480	0.037480	0.065590	0.243620	0.206140	0.524720	0.665270	1.508570	2.033290	4.179020	6.277900	7.121200	8.489220	8.142530	7.786470	6.277900	13.830120
1999	1	1	3	50	0.596700	0.066300	0.066300	0.066300	0.132600	0.066300	0.331500	0.198900	0.530400	0.917150	1.580150	4.265300	7.414550	9.248850	12.331800	12.143950	10.497500	7.083050	5.779150	11.027900
2000	1	1	3	50	0.046880	0.000000	0.029300	0.017580	0.029300	0.269560	0.380900	0.896580	1.423980	1.693540	1.693540	2.027560	2.203360	2.443620	2.601840	3.785560	4.553220	4.904820	4.295380	12.165360
2001	1	1	3	50	0.044978	0.017991	0.089955	0.044978	0.224888	0.557721	0.575712	0.755622	1.394303	1.727136	2.122938	2.077961	2.392803	2.941529	3.562218	4.020989	5.352323	5.217390	5.676161	17.937027
2002	1	1	3	50	0.045781	0.045781	0.152604	0.518854	0.686718	0.816431	0.923254	0.450182	0.450182	0.518854	0.923254	1.747316	2.090675	2.540857	3.837991	4.112678	4.219501	3.792209	3.662496	8.248246
2003	1	1	3	50	0.179410	0.179410	0.717639	1.076459	2.691148	2.332328	2.870558	1.076459	0.538230	1.794099	0.538230	1.794099	1.973509	1.973509	4.305837	5.202886	4.485247	3.049968	2.691148	10.944002
2004	1	1	3	50	0.292245	0.292245	0.876735	0.292245	0.292245	0.876735	2.630206	2.045716	1.753471	2.922451	1.753471	1.753471	0.876735	0.876735	1.753471	1.753471	5.552658	2.922451	2.922451	7.598374
2005	1	1	3	50	0.312355	0.000000	0.937065	0.312355	0.312355	0.312355	0.312355	3.435903	1.874129	1.874129	3.123548	1.874129	4.685323	4.685323	1.874129	3.123548	4.997677	3.123548	3.123548	17.804226
2006	1	1	3	50	0.195551	0.195551	0.195551	0.586652	0.195551	1.173304	1.564405	1.759956	0.586652	3.324361	2.542158	4.302114	4.106564	3.715462	4.106564	2.933260	3.128810	1.955506	1.173304	4.693216
2007	1	1	3	50	0.000000	0.000000	0.000000	0.017792	0.053377	0.106754	0.284676	0.604937	0.925197	1.263250	1.494550	1.779226	1.530134	2.401955	3.095853	3.167022	3.273776	3.131438	3.682998	8.362362
2008	1	1	3	50	0.000000	0.000000	0.110411	0.055206	0.220823	0.386440	0.386440	0.828085	0.828085	1.324936	1.821787	2.042609	3.146723	3.533162	4.692481	3.257134	3.864396	4.968509	6.017417	18.438690
2009	1	1	3	50	0.000000	0.000000	0.000000	0.000000	0.125999	0.106104	0.106104	0.358101	0.928410	1.286511	1.339563	2.831651	3.574379	4.065110	4.628787	4.913942	4.602261	3.959006	3.395328	7.918011
2010	1	1	3	50	0.000000	0.000000	0.093517	0.066012	0.093517	0.253046	0.225541	0.445581	0.731633	0.671122	0.797645	1.688807	1.974859	2.293917	3.064057	2.711993	2.678987	1.947354	1.688807	4.945399
1991	1	2	3	100	8.881902	16.678238	9.967468	14.408419	17.763804	14.408419	35.527608	48.751773	49.936027	37.698740	55.462544	58.817929	62.074626	92.075717	99.773366	79.838430	73.226348	68.785397	57.633675	85.364947
1992	1	2	3	100	0.000000	0.000000	0.782296	2.346887	8.605254	12.516733	22.722137	19.592954	20.375250	25.069025	31.327391	37.585757	31.327391	21.157546	24.286729	13.299029	17.246067	25.851320	21.157546	20.375250
1993	1	2	3	100	0.000000	0.000000	0.000000	0.000000	0.000000	0.442625	5.734446	10.583644	12.786930	14.557428	10.141019	6.177071	5.734446	7.937733	2.645911	4.849197	6.619695	3.088535	2.203286	4.849197

43	# Number of survey length frequency lines to read

# Length frequency data for surveys
# Year, Season, Survey, Sex, Nsamp, DataVec	
1968	1	1	3	200	1611.844192	946.839712	1010.965144	1308.633816	1897.637784	2649.726184	3448.523232	3431.898120	2565.017280	2024.305304	1938.804728	1735.345024	1638.761040	1504.968472	1197.008064	1268.258544	1391.759376	1127.340928	827.297240	1383.842656
1969	1	1	3	200	2613.935916	2070.171000	1565.049276	2386.677144	3073.973916	4234.189752	4933.447512	6007.176204	4958.289564	4793.595960	4247.070816	2756.547696	2524.688544	2212.782780	1826.350860	1789.547820	1296.387084	931.116912	530.883852	690.057000
1970	1	1	3	200	210.844500	501.761625	1281.564375	1418.371875	1250.983875	982.197375	1259.836125	1100.495625	1051.808250	1683.537000	1450.159500	1531.439250	1889.553000	1802.640000	1711.300875	1312.144875	1175.739750	551.656125	270.396000	227.341875
1972	1	1	3	200	139.648929	497.856219	872.676021	2005.441683	2292.526656	2963.256828	3157.415562	2401.027125	1881.366984	1656.059790	1888.115817	1445.288544	1951.970160	1644.638688	1528.870245	1547.040180	775.596654	1035.686295	308.888895	543.021486
1973	1	1	3	200	1976.420850	4164.476145	4669.950150	4837.858470	3671.245455	5490.252255	4960.291620	6205.611660	8050.854135	6606.142965	5107.211400	5605.689225	4393.601040	4181.966595	3125.543415	2401.438785	2259.766140	1327.525155	906.005310	848.286825
1974	1	1	3	200	3568.883568	4842.029818	7394.433420	7099.063490	6797.582458	5793.324696	4110.734612	5585.547228	4960.177790	6143.694544	5117.029408	6801.656526	6709.989996	6520.545834	5762.769186	4998.881436	3464.994834	2130.737564	3499.624412	965.554116
1975	1	1	3	200	8600.246960	15359.730520	9101.134960	9326.534560	9088.612760	6751.970240	6879.696680	5331.952760	5667.547720	6686.854800	6025.682640	6155.913520	6634.261560	6085.789200	5266.837320	5827.831880	4520.514200	2890.123760	2113.747360	2714.812960
1976	1	1	3	200	721.587020	3960.986260	9098.809720	15741.746020	18919.206460	14187.082140	14790.985440	11028.203340	10065.055000	8897.508620	9523.090500	10405.718400	8070.625640	8885.120860	8008.686840	5741.726760	5326.736800	4171.578180	2737.694960	2226.699860
1977	1	1	3	200	2449.573000	2033.145590	2575.551040	3940.313140	6662.838560	12870.756420	15229.345280	14823.416040	13889.078910	14875.906890	13686.114290	13675.616120	10326.699890	10876.104120	10862.106560	8755.473780	5623.519730	4745.172840	2911.492480	4199.268000
1978	1	1	3	200	1310.796630	3651.286650	4158.494670	7336.183470	5267.630280	5823.725820	5447.903010	8521.705830	9031.969320	9093.078720	9175.576410	9276.406920	8851.696590	11201.353020	10584.148080	8631.702750	7947.277470	5279.852160	3312.129480	2783.533170
1979	1	1	3	200	1647.946190	1803.260580	2267.186680	3271.687540	2957.024620	3437.087280	2559.661830	2898.529590	2811.795580	3763.852620	5191.938180	7263.469070	7380.459130	8405.130690	7334.066520	7501.483330	6894.345260	5698.222750	3184.953530	5080.999330
1980	1	1	3	200	1510.473600	3069.468000	6069.319200	6795.021600	6786.583200	6868.857600	5655.837600	5613.645600	4873.176000	4225.528800	4797.230400	3573.662400	5084.136000	5651.618400	5742.331200	7012.310400	5780.304000	5795.071200	4801.449600	6651.568800
1981	1	1	3	200	4128.766800	2457.211440	2180.289600	3160.166880	4797.890160	4198.937040	4002.209760	3969.630720	3641.334240	4241.540400	2915.824080	2721.602880	2326.895280	2300.581440	1826.932320	1824.426240	1331.981520	1283.112960	775.631760	1828.185360
1982	1	1	3	200	17793.817440	18215.982720	15316.964760	6438.020520	5387.098440	6961.236000	7922.335680	6449.248320	4430.489880	3839.907600	4452.945480	3168.485160	2932.701360	1776.237960	1477.578480	972.327480	884.750640	119.014680	92.067960	395.218560
1983	1	1	3	200	2314.253280	2530.591840	3536.850800	4731.694360	5696.678200	5568.583000	4267.705080	3331.186840	2826.634080	2838.731960	2289.345880	2198.255960	1352.827640	848.274880	759.319880	261.883520	177.910000	87.531720	0.000000	0.000000
1984	1	1	3	200	4149.450110	17403.788740	37019.876400	39643.507280	19277.016720	9302.216690	4129.995220	3815.937710	3763.131580	3349.020350	2762.594380	1636.990030	1806.525500	1170.072670	1848.214550	661.466260	219.562330	255.692840	5.558540	80.598830
1985	1	1	3	200	95.831631	469.611709	896.631582	1451.794134	2162.637190	2135.833707	1554.969185	1478.230446	2208.533565	2254.062769	1884.321572	1920.671501	1824.839870	1535.876293	1025.875774	871.663954	64.622096	187.257210	152.375965	0.000000
1986	1	1	3	200	458.823846	734.200233	1017.784560	824.897970	951.300246	641.450511	1674.009363	1641.588000	2293.298436	1991.246244	2768.538162	3011.903583	2872.779000	3231.876375	2312.587095	1579.207656	1126.539765	300.821001	120.246321	95.212104
1987	1	1	3	200	110.596628	523.686020	2427.266392	3831.330868	3446.073740	2367.207296	2170.184164	2174.578732	2278.583508	1877.945392	2445.577092	1973.893460	2704.856604	2540.792732	2144.549184	2104.265644	1352.794516	1158.701096	281.984780	291.506344
1988	1	1	3	200	58.765740	43.629110	294.719090	475.023065	577.863110	960.285615	2074.608700	1930.365520	1749.616350	1677.494760	1179.321555	1359.180335	905.526630	1654.789815	1472.705060	2192.585375	1640.988770	1193.122600	420.709275	412.695765
1989	1	1	3	200	63.012451	3.755709	33.801381	95.144628	590.063614	1335.363200	694.388864	1451.372878	997.349390	1799.401912	1619.127880	1533.581175	2175.390113	2533.434371	2295.155500	2631.917407	2019.736840	1911.655881	1131.720312	1092.076717
1990	1	1	3	200	57.929916	484.504752	689.453773	1586.928608	1473.263091	442.812767	361.184249	304.570922	688.137184	1139.288348	994.024695	1306.056288	1386.807080	1591.317238	1561.913417	1754.135411	1292.451535	1427.621339	852.271946	1445.175859
1991	1	1	3	200	54.707317	465.277764	1162.132132	871.067960	1380.430261	1127.076958	713.850816	1423.983659	1150.978213	896.031493	306.998342	1096.802035	1852.612832	2013.547949	3165.057301	3602.715837	3427.971106	2651.445888	2161.735730	4174.221401
1992	1	1	3	200	27.848700	0.000000	56.254374	353.956977	701.787240	988.628850	1537.248240	1469.575899	1063.263366	1111.998591	810.118683	1052.959347	969.970221	780.599061	650.545632	649.710171	609.329556	853.562655	469.250595	1382.130981
1993	1	1	3	200	77.570460	407.950101	507.381327	389.262672	326.501118	581.778450	526.068756	845.165421	1125.124263	1549.646235	1657.539693	2273.872257	1770.722046	1483.006158	1189.296189	1029.571560	1098.327195	1030.629339	812.374272	1443.868335
1994	1	1	3	200	31.260654	0.000000	59.626803	457.331790	453.086516	292.537972	238.507212	334.411811	411.212677	682.524279	795.409974	777.657010	1210.481991	1750.403657	914.663580	889.963804	903.085560	631.580991	442.666298	972.553680
1995	1	1	3	200	894.228354	2160.893641	1763.775246	697.093087	348.388329	535.081439	702.155951	807.843237	869.546892	963.842734	830.942554	847.713291	1086.617186	1272.361009	1551.134958	1369.504712	1022.065670	752.151733	340.477604	827.461835
1996	1	1	3	200	1236.054384	601.804256	1324.502720	2351.659024	2807.234624	2639.227232	1224.942784	999.599536	520.022880	793.812704	623.582992	667.140464	619.582816	576.914272	967.598128	732.032208	845.814992	761.811296	812.035728	1120.493744
1997	1	1	3	200	0.000000	252.975198	156.603694	367.770666	899.939780	3993.748504	6680.104178	7580.752572	6446.261558	3652.196556	2134.345368	1145.828838	1054.417632	936.079094	1006.231880	1192.597362	1656.030918	1191.180134	1226.610834	2845.085210
1998	1	1	3	200	1416.052770	1181.062718	700.216022	863.894064	814.994400	688.670268	913.472890	1147.104618	1536.943606	3168.969892	3295.973186	3554.054746	3065.058106	1974.323934	1244.224784	1035.722050	1327.761710	915.510376	539.933790	1663.946900
1999	1	1	3	200	2568.978329	1076.473832	588.972363	457.501379	527.207471	484.854402	535.148671	652.060788	206.471210	582.354696	799.855351	1027.061918	2293.242204	2363.830652	3087.362244	3031.332664	1917.358719	1335.004023	972.355871	1111.326878
2000	1	1	3	200	89.362943	241.535270	991.673347	2013.985418	1578.404900	1016.184326	1158.654390	829.288113	1020.269489	747.074206	682.732886	1506.403901	1496.190993	2489.906922	2117.135787	1830.153078	1743.343361	1165.803425	431.495355	999.333028
2001	1	1	3	200	300.143558	216.068512	462.194942	649.076780	679.570320	1833.532998	1618.335730	2280.045548	1507.687742	870.808378	1103.430526	724.875008	608.128312	878.649574	573.714174	486.154152	953.576558	832.909264	836.829862	1424.048318
2002	1	1	3	200	3533.370500	4226.136300	2887.628000	1803.442900	790.123900	600.706100	503.348000	703.362600	1517.991600	1762.380300	2300.830200	1922.656900	1341.157500	1666.346800	1125.910000	1280.888200	1290.160400	1467.656800	1599.454500	1814.702000
2003	1	1	3	200	1224.594652	564.962620	1175.733020	1935.378705	3243.954287	2639.291591	2537.751012	1404.008457	875.692061	1184.131113	977.996103	2014.778857	1703.285953	2693.497464	2456.823934	2397.273820	1691.834008	1239.100449	1061.977033	2760.682208
2004	1	1	3	200	3991.896844	3111.531891	2883.131303	2015.549965	1897.088466	1694.255108	2457.863044	3433.678989	3076.590010	3028.864514	2249.916240	1749.650773	1059.335563	1122.401397	1406.197650	1868.112272	1661.869950	2263.552096	1332.052683	2993.070392
2005	1	1	3	200	3594.876075	5977.182603	4267.959255	1630.696977	995.347248	2322.136971	2390.465112	2188.540158	1878.513966	1746.956799	2229.333078	2372.108298	1619.478924	1928.485293	1273.758927	1614.379809	1053.477159	1575.626535	1465.485651	2570.973783
2006	1	1	3	200	1064.189654	1581.838467	1384.409618	2212.647719	2329.820939	2955.012297	1680.552892	1663.699210	1032.087402	1503.990506	930.162752	1028.074620	1890.020087	1642.030190	2639.607671	2241.539746	2171.717348	1597.889593	1156.483628	1971.078273
2007	1	1	3	200	130.099200	186.828503	401.643462	631.586235	1484.038553	2048.306016	2609.547915	3296.350671	2913.616976	2172.354090	1415.963390	1760.121159	1779.787317	2378.092361	2061.164658	2171.597700	2092.176676	1979.474462	1729.865531	2187.481904
2008	1	1	3	200	0.000000	62.696298	296.304423	530.771401	1165.464064	1470.357021	1521.888225	1873.159265	2884.029717	3650.126950	3546.205689	2566.253959	2993.962952	2479.509766	1947.879511	1802.733287	1894.630600	1846.534810	1736.601575	3656.138924
2009	1	1	3	200	59.333210	29.978885	230.462681	327.894058	331.641418	647.668834	602.075946	1407.133928	2057.925562	1878.052251	1967.988907	2047.308041	2264.654959	2989.144686	1949.876663	2054.178202	1236.004458	1018.032979	926.222643	1054.257466
2010	1	1	3	200	0.000000	178.912367	429.603948	505.132821	414.605306	288.188184	861.350558	719.934795	694.222838	817.961631	1444.690582	1944.466745	1617.710625	1742.520750	1966.964707	1861.438551	2265.866207	1405.586980	778.858030	1070.795874
2011	1	1	3	200	176.662330	212.091863	605.699415	991.541591	818.276614	669.763777	813.908589	730.430785	883.796984	640.643612	876.031606	983.290878	782.361745	1432.712079	1332.247512	1248.769708	1172.571945	991.056255	560.077825	798.863171

#OLD DATA FILE BELOW FOR NOW.

#Data for HBC 1989:2011

1989	#Start year
2011	#End year
1		#Time-step (years)

#Number of gears
2
#nbin
45
#xbin
5 6 7 8 9
10 11 12 13 14
15 16 17 18 19
20 21 22 23 24
25 26 27 28 29
30 31 32 33 34
35 36 37 38 39
40 41 42 43 44
45 46 47 48 49
#Array dimensions (rows,  cols) for each gear in (C M R)
23 46
23 46
#Number of sets by gear for each time step
71 60 302 258 302
65 30 34 40 17
16 54 151 5 14
26 89 28 137 0
0 29 0
169 68 764 1412 1220
816 460 57 46 148
159 459 913 699 822
640 793 836 896 973
1256 1061 930
#Captures by year (row) and length (col)
1989 0 0 0 0 0 0 0 0 0 0 0 0 0 0 1 2 2 2 7 1 3 1 3 3 3 9 15 14 37 36 26 29 20 20 30 14 4 2 2 1 1 2 1 0 0
1990 0 0 0 0 0 0 0 0 0 0 0 0 0 0 0 1 1 3 0 2 0 1 1 2 4 0 4 2 10 11 8 14 5 10 20 7 7 8 3 0 2 1 0 0 0
1991 0 0 0 0 0 0 0 0 0 0 4 2 0 2 8 3 8 3 7 7 9 9 9 11 7 25 20 35 26 44 46 41 57 38 48 40 18 11 7 4 4 0 1 2 0
1992 0 0 0 0 0 0 0 0 0 0 2 4 2 4 6 8 6 8 7 10 3 3 4 15 8 11 22 24 33 28 31 49 45 44 31 21 19 10 4 4 2 0 1 0 0
1993 0 0 0 0 0 0 0 0 0 1 1 3 3 10 13 13 13 17 15 11 10 11 11 12 15 16 13 27 33 41 46 43 48 48 37 32 23 11 4 4 3 2 1 0 1
1994 0 0 0 0 0 0 0 0 0 0 0 0 0 0 1 2 1 1 2 1 0 0 4 1 2 3 2 8 8 15 25 24 20 25 17 13 7 7 4 4 5 2 0 1 0
1995 0 0 0 0 0 0 0 0 0 0 0 0 0 0 0 0 0 0 0 0 1 1 1 2 1 2 2 5 4 7 9 15 12 10 9 4 9 5 3 0 1 0 0 0 0
1996 0 0 0 0 0 0 0 0 0 0 0 0 0 0 0 0 0 0 0 2 0 1 3 2 1 1 1 4 4 6 4 7 10 7 8 4 2 3 0 0 1 0 0 0 0
1997 0 0 0 0 0 0 0 0 0 0 0 0 0 0 0 1 0 1 1 0 0 1 2 0 0 1 4 6 12 13 13 20 15 23 16 8 6 1 1 1 1 0 0 0 0
1998 0 0 0 0 0 0 0 0 0 0 0 0 0 2 1 1 1 0 0 0 0 0 1 0 2 0 1 4 1 3 3 4 7 6 6 4 6 1 1 0 0 0 0 0 0
1999 0 0 0 0 0 0 0 0 0 0 0 0 0 3 0 2 1 2 0 1 1 0 0 1 1 2 0 0 4 1 1 3 3 4 3 5 3 6 1 0 0 0 0 0 0
2000 0 0 0 0 0 0 0 0 0 0 0 0 0 1 0 1 1 2 3 0 0 1 0 0 1 2 3 1 2 2 4 6 3 8 6 8 5 3 4 4 1 0 1 0 0
2001 0 0 0 0 0 0 0 0 0 0 0 0 0 2 6 5 6 7 4 4 2 1 1 0 3 2 0 3 2 4 12 11 12 24 33 19 18 8 4 2 1 0 0 0 1
2002 0 0 0 0 0 0 0 0 0 0 0 0 0 0 0 0 0 0 0 0 0 0 0 0 1 0 0 0 1 2 0 1 0 1 1 1 0 0 0 0 0 0 0 0 0
2003 0 0 0 0 0 0 0 0 0 0 0 0 0 0 0 1 0 0 1 1 0 0 0 0 0 0 0 0 2 1 0 1 1 2 6 0 5 2 0 1 0 1 0 0 0
2004 0 0 0 0 0 0 0 0 0 0 0 0 0 0 1 1 1 2 0 1 0 2 0 0 0 1 1 0 0 1 1 1 6 4 5 2 4 2 1 1 2 0 0 0 0
2005 0 0 0 0 0 0 0 0 0 0 0 0 1 3 9 8 11 8 7 6 0 1 0 3 0 2 1 1 2 1 3 4 8 6 16 14 11 2 2 4 2 0 1 0 0
2006 0 0 0 0 0 0 0 0 0 0 0 0 1 2 5 5 1 2 3 2 5 1 1 1 0 0 1 1 1 0 1 0 3 3 7 4 0 2 1 0 0 0 0 0 0
2007 0 0 0 0 0 0 0 0 0 0 0 0 1 9 33 30 26 18 12 16 9 6 7 5 1 1 0 1 0 1 2 1 6 3 2 5 5 5 2 0 1 0 0 0 0
2008 0 0 0 0 0 0 0 0 0 0 0 0 0 0 0 0 0 0 0 0 0 0 0 0 0 0 0 0 0 0 0 0 0 0 0 0 0 0 0 0 0 0 0 0 0
2009 0 0 0 0 0 0 0 0 0 0 0 0 0 0 0 0 0 0 0 0 0 0 0 0 0 0 0 0 0 0 0 0 0 0 0 0 0 0 0 0 0 0 0 0 0
2010 0 0 0 0 0 0 0 0 0 0 0 0 0 0 1 4 3 8 8 2 5 3 0 1 4 0 0 0 1 0 1 1 4 3 5 2 5 3 0 0 0 0 0 0 0
2011 0 0 0 0 0 0 0 0 0 0 0 0 0 0 0 0 0 0 0 0 0 0 0 0 0 0 0 0 0 0 0 0 0 0 0 0 0 0 0 0 0 0 0 0 0
1989 0 0 0 0 0 0 0 2 2 3 16 18 34 29 28 33 35 25 11 15 9 11 12 8 10 11 20 19 17 14 19 25 16 12 12 6 3 2 1 3 1 0 0 0 0
1990 0 0 0 0 0 0 0 1 2 6 7 2 17 7 17 34 31 28 32 31 21 17 12 10 8 10 8 13 13 12 11 15 8 18 12 2 7 5 1 0 0 0 0 0 1
1991 0 0 0 0 0 0 0 0 0 1 204 211 187 153 161 161 118 99 92 93 114 86 74 110 90 69 66 71 75 81 71 74 49 46 38 21 16 7 3 1 3 2 1 0 0
1992 0 0 0 0 0 1 1 0 0 1 171 155 120 135 115 129 117 124 126 95 96 102 103 102 98 109 107 130 141 154 169 158 182 132 107 61 38 23 10 10 3 2 0 3 1
1993 0 0 0 0 0 0 0 0 15 41 555 408 401 247 229 152 123 124 104 81 82 78 107 100 101 77 100 118 107 136 160 173 138 124 96 57 38 26 10 5 1 2 0 1 0
1994 0 0 0 0 0 0 0 0 0 8 118 126 147 168 151 141 107 106 90 72 53 49 48 48 53 52 49 52 55 71 67 76 71 52 51 29 22 13 5 1 1 0 1 0 0
1995 0 0 0 0 0 0 0 0 0 0 60 52 51 39 65 45 51 47 45 41 37 58 40 45 49 71 55 67 84 83 115 93 105 103 70 41 24 21 8 2 3 0 1 0 0
1996 0 0 0 0 0 0 0 0 0 0 4 5 6 4 6 2 5 2 4 1 3 1 3 3 2 1 7 6 9 4 4 2 2 8 4 3 0 0 0 0 0 0 0 0 0
1997 0 0 0 0 0 0 0 0 0 0 4 4 0 2 3 4 4 3 2 2 2 1 3 1 0 0 0 1 2 2 0 2 4 3 2 0 1 0 0 0 0 0 0 0 0
1998 0 0 0 0 0 0 0 0 0 8 29 18 31 18 22 19 7 6 10 4 10 8 4 7 8 1 4 1 5 4 5 1 5 6 2 2 3 2 0 0 0 1 0 0 0
1999 0 0 0 0 0 14 18 10 21 24 44 33 17 16 18 16 11 16 6 2 2 3 5 3 2 2 6 1 2 6 7 7 5 11 8 9 4 2 3 1 0 0 0 0 0
2000 0 0 0 0 2 17 21 34 38 49 64 74 69 68 64 48 46 40 33 37 29 26 26 26 10 4 6 7 5 7 3 11 10 8 8 7 2 5 2 1 0 0 0 0 0
2001 0 0 0 0 12 277 236 206 185 164 154 138 139 114 101 74 73 49 51 43 32 27 22 25 18 14 9 8 7 13 18 20 29 25 22 24 18 11 4 2 1 0 0 0 0
2002 0 0 0 0 0 97 54 18 22 34 290 214 150 114 85 56 69 46 40 25 22 15 19 18 18 16 7 11 13 15 19 38 39 67 70 59 40 32 15 8 3 2 0 0 0
2003 0 0 0 1 5 64 36 21 23 32 139 170 167 191 154 105 88 62 33 25 18 18 7 14 15 7 2 6 3 18 20 23 25 36 37 21 21 16 9 1 0 1 0 0 0
2004 0 0 10 15 7 5 6 6 9 18 192 137 90 101 73 68 76 62 43 37 34 16 14 13 9 9 4 7 8 10 18 18 19 29 35 29 19 13 3 3 1 1 0 1 0
2005 0 1 11 41 32 21 14 15 9 12 198 155 150 157 129 115 68 52 50 40 36 36 20 16 11 9 7 4 9 11 9 8 17 22 28 27 15 13 7 5 0 0 0 0 0
2006 0 0 0 1 0 2 9 59 115 145 255 218 183 133 107 105 117 109 100 87 76 65 43 37 32 30 21 10 6 8 19 12 23 33 40 39 25 22 7 7 3 0 2 0 0
2007 0 0 0 0 0 0 0 0 2 1 204 267 296 291 260 254 221 203 182 147 122 94 92 58 56 40 41 19 21 13 13 12 34 25 32 35 23 15 9 2 1 1 3 0 0
2008 0 0 0 7 10 37 95 140 10 1 290 206 149 168 193 250 250 234 254 216 191 157 154 104 62 68 46 25 23 16 12 14 17 22 22 18 14 17 4 3 1 0 1 0 0
2009 0 0 0 2 16 462 412 371 247 244 311 303 278 287 243 201 214 235 219 227 236 213 179 155 113 81 56 46 30 13 19 15 13 19 23 16 17 6 5 1 0 0 1 0 0
2010 0 0 0 6 13 92 146 144 123 85 92 145 156 217 215 226 244 265 299 266 267 244 192 148 93 58 42 27 16 8 9 15 14 17 14 19 17 6 4 1 0 0 1 0 0
2011 0 0 0 0 5 343 437 423 311 216 170 119 109 99 118 147 174 178 182 159 173 181 142 123 82 75 44 33 15 14 4 5 4 3 6 7 4 2 2 0 0 0 0 0 0
#New Marks by year (row) and length (col)
1989 0 0 0 0 0 0 0 0 0 0 0 0 0 0 1 2 2 2 7 1 3 1 3 3 3 9 15 14 37 36 26 29 20 20 30 14 4 2 2 1 1 2 1 0 0
1990 0 0 0 0 0 0 0 0 0 0 0 0 0 0 0 1 1 3 0 2 0 1 1 2 4 0 4 2 10 11 8 14 5 10 20 7 7 8 3 0 2 1 0 0 0
1991 0 0 0 0 0 0 0 0 0 0 4 2 0 2 8 3 7 3 6 7 9 9 9 11 6 25 20 34 25 40 45 38 52 37 42 37 15 11 6 4 4 0 1 2 0
1992 0 0 0 0 0 0 0 0 0 0 2 3 2 3 5 6 5 4 6 8 1 2 3 10 4 9 18 17 23 19 24 32 36 30 22 13 11 8 2 2 2 0 1 0 0
1993 0 0 0 0 0 0 0 0 0 1 1 3 3 10 9 10 6 9 8 5 4 4 2 5 4 5 2 12 10 18 13 16 19 16 14 11 9 6 3 1 2 0 1 0 1
1994 0 0 0 0 0 0 0 0 0 0 0 0 0 0 0 0 1 1 1 1 0 0 1 1 0 0 0 2 1 1 6 6 3 9 4 5 5 2 0 1 1 0 0 1 0
1995 0 0 0 0 0 0 0 0 0 0 0 0 0 0 0 0 0 0 0 0 0 0 0 1 0 0 0 1 0 2 2 5 1 3 1 1 0 1 0 0 0 0 0 0 0
1996 0 0 0 0 0 0 0 0 0 0 0 0 0 0 0 0 0 0 0 0 0 1 0 0 0 0 0 1 0 1 1 1 2 2 0 0 0 1 0 0 0 0 0 0 0
1997 0 0 0 0 0 0 0 0 0 0 0 0 0 0 0 1 0 0 0 0 0 1 0 0 0 0 0 0 3 1 3 3 6 4 3 1 2 0 1 1 0 0 0 0 0
1998 0 0 0 0 0 0 0 0 0 0 0 0 0 2 1 0 1 0 0 0 0 0 0 0 2 0 0 3 0 0 0 0 1 0 1 0 1 0 0 0 0 0 0 0 0
1999 0 0 0 0 0 0 0 0 0 0 0 0 0 3 0 2 1 2 0 1 1 0 0 1 0 1 0 0 0 0 0 2 0 1 1 0 1 3 0 0 0 0 0 0 0
2000 0 0 0 0 0 0 0 0 0 0 0 0 0 1 0 1 1 2 3 0 0 1 0 0 1 0 1 0 0 1 0 1 0 0 1 0 0 1 1 2 0 0 1 0 0
2001 0 0 0 0 0 0 0 0 0 0 0 0 0 2 6 5 6 7 3 3 1 1 1 0 3 1 0 2 0 1 3 2 1 3 3 1 3 0 1 0 1 0 0 0 0
2002 0 0 0 0 0 0 0 0 0 0 0 0 0 0 0 0 0 0 0 0 0 0 0 0 1 0 0 0 1 0 0 0 0 1 0 0 0 0 0 0 0 0 0 0 0
2003 0 0 0 0 0 0 0 0 0 0 0 0 0 0 0 1 0 0 0 1 0 0 0 0 0 0 0 0 0 1 0 0 0 0 0 0 0 0 0 0 0 1 0 0 0
2004 0 0 0 0 0 0 0 0 0 0 0 0 0 0 1 1 1 0 0 1 0 0 0 0 0 0 1 0 0 0 0 0 1 0 0 0 0 0 0 0 0 0 0 0 0
2005 0 0 0 0 0 0 0 0 0 0 0 0 1 3 9 7 9 7 6 5 0 0 0 3 0 1 0 1 2 0 1 1 3 0 3 2 2 0 0 0 0 0 0 0 0
2006 0 0 0 0 0 0 0 0 0 0 0 0 1 2 4 4 1 2 3 1 2 0 1 1 0 0 0 1 1 0 0 0 0 0 0 0 0 0 0 0 0 0 0 0 0
2007 0 0 0 0 0 0 0 0 0 0 0 0 1 9 31 26 19 15 8 13 6 5 3 2 1 0 0 0 0 1 1 0 2 0 0 1 1 0 0 0 0 0 0 0 0
2008 0 0 0 0 0 0 0 0 0 0 0 0 0 0 0 0 0 0 0 0 0 0 0 0 0 0 0 0 0 0 0 0 0 0 0 0 0 0 0 0 0 0 0 0 0
2009 0 0 0 0 0 0 0 0 0 0 0 0 0 0 0 0 0 0 0 0 0 0 0 0 0 0 0 0 0 0 0 0 0 0 0 0 0 0 0 0 0 0 0 0 0
2010 0 0 0 0 0 0 0 0 0 0 0 0 0 0 0 4 3 7 6 2 5 3 0 1 2 0 0 0 0 0 0 0 0 0 0 0 0 2 0 0 0 0 0 0 0
2011 0 0 0 0 0 0 0 0 0 0 0 0 0 0 0 0 0 0 0 0 0 0 0 0 0 0 0 0 0 0 0 0 0 0 0 0 0 0 0 0 0 0 0 0 0
1989 0 0 0 0 0 0 0 2 2 3 16 18 34 29 28 33 35 25 11 15 9 11 12 8 10 11 20 19 17 14 19 25 16 12 12 6 3 2 1 3 1 0 0 0 0
1990 0 0 0 0 0 0 0 1 2 6 7 2 17 6 17 33 29 27 32 31 21 17 12 10 8 10 8 12 10 12 11 13 8 18 11 2 6 5 1 0 0 0 0 0 1
1991 0 0 0 0 0 0 0 0 0 1 204 211 187 152 161 160 117 97 90 89 105 78 69 104 82 64 63 66 70 78 69 69 44 44 33 19 12 6 2 1 3 2 1 0 0
1992 0 0 0 0 0 1 0 0 0 1 169 141 95 102 64 68 70 73 65 52 51 65 55 61 49 67 72 83 87 114 113 115 131 97 82 42 29 17 7 7 2 2 0 3 1
1993 0 0 0 0 0 0 0 0 15 40 553 395 389 232 200 124 69 56 39 28 26 34 38 29 26 28 38 39 34 49 66 74 53 55 40 25 21 15 2 2 0 1 0 1 0
1994 0 0 0 0 0 0 0 0 0 7 111 97 86 97 84 64 39 37 32 14 14 3 8 8 10 5 6 8 10 16 20 17 12 13 14 4 7 4 0 1 1 0 0 0 0
1995 0 0 0 0 0 0 0 0 0 0 59 47 39 28 39 23 12 16 16 6 9 12 7 5 6 8 5 10 13 20 25 9 16 16 15 7 4 7 0 0 0 0 0 0 0
1996 0 0 0 0 0 0 0 0 0 0 4 5 4 4 5 2 3 2 3 0 0 1 0 0 0 0 1 1 1 0 2 1 0 0 0 2 0 0 0 0 0 0 0 0 0
1997 0 0 0 0 0 0 0 0 0 0 4 4 0 2 2 4 3 2 1 2 0 0 1 0 0 0 0 0 0 1 0 0 1 0 1 0 0 0 0 0 0 0 0 0 0
1998 0 0 0 0 0 0 0 0 0 8 29 18 30 18 22 18 6 6 10 3 6 7 1 4 2 0 1 0 0 1 0 1 1 1 1 0 1 1 0 0 0 0 0 0 0
1999 0 0 0 0 0 14 18 10 21 24 44 33 17 16 18 14 10 14 5 1 2 1 2 2 2 0 1 1 0 2 0 1 0 0 1 0 2 0 0 0 0 0 0 0 0
2000 0 0 0 0 2 17 21 34 38 48 64 72 67 63 59 46 44 40 32 35 27 24 24 25 10 3 4 5 2 0 0 3 0 1 1 1 0 1 0 0 0 0 0 0 0
2001 0 0 0 0 12 277 235 206 182 159 142 123 130 99 82 54 54 38 39 33 21 21 18 16 14 12 3 3 2 2 2 1 0 2 0 1 1 3 1 0 0 0 0 0 0
2002 0 0 0 0 0 97 53 14 9 8 264 185 115 76 40 38 28 12 18 10 7 5 6 7 11 8 4 4 3 1 5 3 7 5 3 5 2 4 0 1 0 1 0 0 0
2003 0 0 0 1 5 64 36 21 23 31 136 160 154 156 123 72 56 30 21 8 8 4 1 4 4 2 1 0 0 6 1 2 3 6 6 2 2 1 2 0 0 0 0 0 0
2004 0 0 10 15 7 4 6 2 6 13 181 123 79 77 45 41 48 36 20 12 13 8 7 6 1 2 2 3 3 3 2 1 3 1 3 3 1 1 2 0 0 0 0 0 0
2005 0 1 11 41 30 21 13 15 9 11 193 150 133 139 115 91 51 30 26 17 20 13 9 7 6 3 2 1 3 3 1 3 2 2 4 7 0 1 1 2 0 0 0 0 0
2006 0 0 0 1 0 2 9 54 111 130 239 205 168 114 84 76 87 77 65 46 58 45 19 25 17 11 5 3 1 4 3 1 4 4 5 7 3 2 1 1 0 0 0 0 0
2007 0 0 0 0 0 0 0 0 2 1 203 257 280 267 218 195 154 137 104 81 66 41 28 22 17 11 9 2 4 3 4 1 6 1 4 3 3 2 1 0 0 0 1 0 0
2008 0 0 0 7 10 37 95 140 10 1 289 194 130 137 151 173 154 147 147 116 99 64 68 42 16 22 16 5 5 2 2 3 2 2 4 0 2 2 1 0 0 0 0 0 0
2009 0 0 0 2 16 462 412 370 246 244 304 275 222 193 162 110 120 116 106 101 95 77 66 50 23 22 17 4 8 3 2 3 0 0 2 0 0 0 1 0 0 0 0 0 0
2010 0 0 0 6 13 92 146 142 118 75 73 121 120 154 148 156 158 181 197 160 148 136 102 71 33 23 12 10 3 4 1 2 2 0 0 1 0 0 0 1 0 0 0 0 0
2011 0 0 0 0 5 343 437 423 311 215 165 109 76 58 58 72 87 77 82 67 80 68 52 49 24 21 14 11 6 6 0 1 1 1 0 1 1 1 0 0 0 0 0 0 0
#Recaps by year (row) and length (col)
1989 0 0 0 0 0 0 0 0 0 0 0 0 0 0 0 0 0 0 0 0 0 0 0 0 0 0 0 0 0 0 0 0 0 0 0 0 0 0 0 0 0 0 0 0 0
1990 0 0 0 0 0 0 0 0 0 0 0 0 0 0 0 0 0 0 0 0 0 0 0 0 0 0 0 0 0 0 0 0 0 0 0 0 0 0 0 0 0 0 0 0 0
1991 0 0 0 0 0 0 0 0 0 0 0 0 0 0 0 0 1 0 1 0 0 0 0 0 1 0 0 1 1 4 1 3 5 1 6 3 3 0 1 0 0 0 0 0 0
1992 0 0 0 0 0 0 0 0 0 0 0 1 0 1 1 2 1 4 1 2 2 1 1 5 4 2 4 7 10 9 7 17 9 14 9 8 8 2 2 2 0 0 0 0 0
1993 0 0 0 0 0 0 0 0 0 0 0 0 0 0 4 3 7 8 7 6 6 7 9 7 11 11 11 15 23 23 33 27 29 32 23 21 14 5 1 3 1 2 0 0 0
1994 0 0 0 0 0 0 0 0 0 0 0 0 0 0 1 2 0 0 1 0 0 0 3 0 2 3 2 6 7 14 19 18 17 16 13 8 2 5 4 3 4 2 0 0 0
1995 0 0 0 0 0 0 0 0 0 0 0 0 0 0 0 0 0 0 0 0 1 1 1 1 1 2 2 4 4 5 7 10 11 7 8 3 9 4 3 0 1 0 0 0 0
1996 0 0 0 0 0 0 0 0 0 0 0 0 0 0 0 0 0 0 0 2 0 0 3 2 1 1 1 3 4 5 3 6 8 5 8 4 2 2 0 0 1 0 0 0 0
1997 0 0 0 0 0 0 0 0 0 0 0 0 0 0 0 0 0 1 1 0 0 0 2 0 0 1 4 6 9 12 10 17 9 19 13 7 4 1 0 0 1 0 0 0 0
1998 0 0 0 0 0 0 0 0 0 0 0 0 0 0 0 1 0 0 0 0 0 0 1 0 0 0 1 1 1 3 3 4 6 6 5 4 5 1 1 0 0 0 0 0 0
1999 0 0 0 0 0 0 0 0 0 0 0 0 0 0 0 0 0 0 0 0 0 0 0 0 1 1 0 0 4 1 1 1 3 3 2 5 2 3 1 0 0 0 0 0 0
2000 0 0 0 0 0 0 0 0 0 0 0 0 0 0 0 0 0 0 0 0 0 0 0 0 0 2 2 1 2 1 4 5 3 8 5 8 5 2 3 2 1 0 0 0 0
2001 0 0 0 0 0 0 0 0 0 0 0 0 0 0 0 0 0 0 1 1 1 0 0 0 0 1 0 1 2 3 9 9 11 21 30 18 15 8 3 2 0 0 0 0 1
2002 0 0 0 0 0 0 0 0 0 0 0 0 0 0 0 0 0 0 0 0 0 0 0 0 0 0 0 0 0 2 0 1 0 0 1 1 0 0 0 0 0 0 0 0 0
2003 0 0 0 0 0 0 0 0 0 0 0 0 0 0 0 0 0 0 1 0 0 0 0 0 0 0 0 0 2 0 0 1 1 2 6 0 5 2 0 1 0 0 0 0 0
2004 0 0 0 0 0 0 0 0 0 0 0 0 0 0 0 0 0 2 0 0 0 2 0 0 0 1 0 0 0 1 1 1 5 4 5 2 4 2 1 1 2 0 0 0 0
2005 0 0 0 0 0 0 0 0 0 0 0 0 0 0 0 1 2 1 1 1 0 1 0 0 0 1 1 0 0 1 2 3 5 6 13 12 9 2 2 4 2 0 1 0 0
2006 0 0 0 0 0 0 0 0 0 0 0 0 0 0 1 1 0 0 0 1 3 1 0 0 0 0 1 0 0 0 1 0 3 3 7 4 0 2 1 0 0 0 0 0 0
2007 0 0 0 0 0 0 0 0 0 0 0 0 0 0 2 4 7 3 4 3 3 1 4 3 0 1 0 1 0 0 1 1 4 3 2 4 4 5 2 0 1 0 0 0 0
2008 0 0 0 0 0 0 0 0 0 0 0 0 0 0 0 0 0 0 0 0 0 0 0 0 0 0 0 0 0 0 0 0 0 0 0 0 0 0 0 0 0 0 0 0 0
2009 0 0 0 0 0 0 0 0 0 0 0 0 0 0 0 0 0 0 0 0 0 0 0 0 0 0 0 0 0 0 0 0 0 0 0 0 0 0 0 0 0 0 0 0 0
2010 0 0 0 0 0 0 0 0 0 0 0 0 0 0 1 0 0 1 2 0 0 0 0 0 2 0 0 0 1 0 1 1 4 3 5 2 5 1 0 0 0 0 0 0 0
2011 0 0 0 0 0 0 0 0 0 0 0 0 0 0 0 0 0 0 0 0 0 0 0 0 0 0 0 0 0 0 0 0 0 0 0 0 0 0 0 0 0 0 0 0 0
1989 0 0 0 0 0 0 0 0 0 0 0 0 0 0 0 0 0 0 0 0 0 0 0 0 0 0 0 0 0 0 0 0 0 0 0 0 0 0 0 0 0 0 0 0 0
1990 0 0 0 0 0 0 0 0 0 0 0 0 0 1 0 1 2 1 0 0 0 0 0 0 0 0 0 1 3 0 0 2 0 0 1 0 1 0 0 0 0 0 0 0 0
1991 0 0 0 0 0 0 0 0 0 0 0 0 0 1 0 1 1 2 2 4 9 8 5 6 8 5 3 5 5 3 2 5 5 2 5 2 4 1 1 0 0 0 0 0 0
1992 0 0 0 0 0 0 1 0 0 0 2 14 25 33 51 61 47 51 61 43 45 37 48 41 49 42 35 47 54 40 56 43 51 35 25 19 9 6 3 3 1 0 0 0 0
1993 0 0 0 0 0 0 0 0 0 1 2 13 12 15 29 28 54 68 65 53 56 44 69 71 75 49 62 79 73 87 94 99 85 69 56 32 17 11 8 3 1 1 0 0 0
1994 0 0 0 0 0 0 0 0 0 1 7 29 61 71 67 77 68 69 58 58 39 46 40 40 43 47 43 44 45 55 47 59 59 39 37 25 15 9 5 0 0 0 1 0 0
1995 0 0 0 0 0 0 0 0 0 0 1 5 12 11 26 22 39 31 29 35 28 46 33 40 43 63 50 57 71 63 90 84 89 87 55 34 20 14 8 2 3 0 1 0 0
1996 0 0 0 0 0 0 0 0 0 0 0 0 2 0 1 0 2 0 1 1 3 0 3 3 2 1 6 5 8 4 2 1 2 8 4 1 0 0 0 0 0 0 0 0 0
1997 0 0 0 0 0 0 0 0 0 0 0 0 0 0 1 0 1 1 1 0 2 1 2 1 0 0 0 1 2 1 0 2 3 3 1 0 1 0 0 0 0 0 0 0 0
1998 0 0 0 0 0 0 0 0 0 0 0 0 1 0 0 1 1 0 0 1 4 1 3 3 6 1 3 1 5 3 5 0 4 5 1 2 2 1 0 0 0 1 0 0 0
1999 0 0 0 0 0 0 0 0 0 0 0 0 0 0 0 2 1 2 1 1 0 2 3 1 0 2 5 0 2 4 7 6 5 11 7 9 2 2 3 1 0 0 0 0 0
2000 0 0 0 0 0 0 0 0 0 1 0 2 2 5 5 2 2 0 1 2 2 2 2 1 0 1 2 2 3 7 3 8 10 7 7 6 2 4 2 1 0 0 0 0 0
2001 0 0 0 0 0 0 1 0 3 5 12 15 9 15 19 20 19 11 12 10 11 6 4 9 4 2 6 5 5 11 16 19 29 23 22 23 17 8 3 2 1 0 0 0 0
2002 0 0 0 0 0 0 1 4 13 26 26 29 35 38 45 18 41 34 22 15 15 10 13 11 7 8 3 7 10 14 14 35 32 62 67 54 38 28 15 7 3 1 0 0 0
2003 0 0 0 0 0 0 0 0 0 1 3 10 13 35 31 33 32 32 12 17 10 14 6 10 11 5 1 6 3 12 19 21 22 30 31 19 19 15 7 1 0 1 0 0 0
2004 0 0 0 0 0 1 0 4 3 5 11 14 11 24 28 27 28 26 23 25 21 8 7 7 8 7 2 4 5 7 16 17 16 28 32 26 18 12 1 3 1 1 0 1 0
2005 0 0 0 0 2 0 1 0 0 1 5 5 17 18 14 24 17 22 24 23 16 23 11 9 5 6 5 3 6 8 8 5 15 20 24 20 15 12 6 3 0 0 0 0 0
2006 0 0 0 0 0 0 0 5 4 15 16 13 15 19 23 29 30 32 35 41 18 20 24 12 15 19 16 7 5 4 16 11 19 29 35 32 22 20 6 6 3 0 2 0 0
2007 0 0 0 0 0 0 0 0 0 0 1 10 16 24 42 59 67 66 78 66 56 53 64 36 39 29 32 17 17 10 9 11 28 24 28 32 20 13 8 2 1 1 2 0 0
2008 0 0 0 0 0 0 0 0 0 0 1 12 19 31 42 77 96 87 107 100 92 93 86 62 46 46 30 20 18 14 10 11 15 20 18 18 12 15 3 3 1 0 1 0 0
2009 0 0 0 0 0 0 0 1 1 0 7 28 56 94 81 91 94 119 113 126 141 136 113 105 90 59 39 42 22 10 17 12 13 19 21 16 17 6 4 1 0 0 1 0 0
2010 0 0 0 0 0 0 0 2 5 10 19 24 36 63 67 70 86 84 102 106 119 108 90 77 60 35 30 17 13 4 8 13 12 17 14 18 17 6 4 0 0 0 1 0 0
2011 0 0 0 0 0 0 0 0 0 1 5 10 33 41 60 75 87 101 100 92 93 113 90 74 58 54 30 22 9 8 4 4 3 2 6 6 3 1 2 0 0 0 0 0 0

999 # EOF check.