# Gmacs Main Data File Version 1.05
# Fisheries: 1 Pot Fishery, 2 Trawl by-catch, 3 Tanner by-catch
# Surveys: 1 NMFS Trawl Survey, 2 BSFRF Index

1968	# Start year
2010	# End year
1		# Time-step (years)
6		# Number of distinct data groups (fishing fleets and surveys)

2		# Number of sexes
1		# Number of shell condition types
1		# Number of maturity types
5		# Number of size-classes in the model
20		# Number of size-classes in the data

# Fleet data specs: (1) catch retain, (2) catch discard, (3) bycatch (either retained or discarded), (4) index of abundance.
# First col = fleet index, second col = type of data, third col = units, fourth col = multiplier
1 2 1 1000 		# Group 1
1 1 1 1000 		# Group 2
2 3 1 1000 		# Group 3
3 3 1 1000 		# Group 4
4 4 2 1000 		# Group 5
5 4 2 1000 		# Group 6

# Fishing fleet names (delimited with ":" no spaces in names)
Pot_Discard:Pot_Retained:Trawl:Tanner

# Survey names (delimited with ":" no spaces in names)
NMFS_Trawl:BSFRF
  
98	# Number of lines of catch data to read
45	# Number of lines of survey data to read
0.5	# Time between survey and fishery

# Catch data
# Year, Season, Fleet, Sex, Catch Obs.
1990	1	1	1	2.007217356
1991	1	1	1	1.499104609
1992	1	1	1	1.325487342
1993	1	1	1	2.547012128
1996	1	1	1	0.595119119
1997	1	1	1	0.713863332
1998	1	1	1	3.584581435
1999	1	1	1	1.406309082
2000	1	1	1	1.235999509
2001	1	1	1	1.190035241
2002	1	1	1	1.509166271
2003	1	1	1	3.043101099
2004	1	1	1	0.708887472
2005	1	1	1	5.447537937
2006	1	1	1	2.099719769
2007	1	1	1	3.302423531
2008	1	1	1	4.444923701
2009	1	1	1	3.52682827
2010	1	1	1	3.255224085
1968	1	2	1	16.4
1969	1	2	1	11.243
1970	1	2	1	9.772
1971	1	2	1	8.655
1972	1	2	1	12.004
1973	1	2	1	12.311
1974	1	2	1	19.388
1975	1	2	1	23.281
1976	1	2	1	28.994
1977	1	2	1	31.737
1978	1	2	1	39.743
1979	1	2	1	48.91
1980	1	2	1	58.944
1981	1	2	1	15.237
1982	1	2	1	1.361
1984	1	2	1	1.897
1985	1	2	1	1.894
1986	1	2	1	5.168
1987	1	2	1	5.574
1988	1	2	1	3.351
1989	1	2	1	4.656
1990	1	2	1	9.273
1991	1	2	1	7.885
1992	1	2	1	3.709
1993	1	2	1	6.66
1994	1	2	1	0.042
1995	1	2	1	0.036
1996	1	2	1	3.862
1997	1	2	1	4.042
1998	1	2	1	6.779
1999	1	2	1	5.378
2000	1	2	1	3.738
2001	1	2	1	3.866
2002	1	2	1	4.385
2003	1	2	1	7.135
2004	1	2	1	7.007
2005	1	2	1	8.4
2006	1	2	1	7.143
2007	1	2	1	9.304
2008	1	2	1	9.216
2009	1	2	1	7.272
2010	1	2	1	6.762
1976	1	3	1	0.887
1977	1	3	1	1.416
1978	1	3	1	1.655
1979	1	3	1	1.92
1980	1	3	1	1.131
1981	1	3	1	0.22
1982	1	3	1	0.448
1983	1	3	1	0.404
1984	1	3	1	1.122
1985	1	3	1	0.444
1986	1	3	1	0.254
1987	1	3	1	0.186
1988	1	3	1	0.778
1989	1	3	1	0.237
1990	1	3	1	0.306
1991	1	3	1	0.322
1992	1	3	1	0.498
1994	1	3	1	0.145
1995	1	3	1	0.126
1996	1	3	1	0.135
1997	1	3	1	0.114
1998	1	3	1	0.235
1999	1	3	1	0.256
2000	1	3	1	0.141
2001	1	3	1	0.225
2002	1	3	1	0.176
2003	1	3	1	0.208
2004	1	3	1	0.137
2005	1	3	1	0.213
2006	1	3	1	0.124
2007	1	3	1	0.204
2008	1	3	1	0.238
2009	1	3	1	0.152
2010	1	3	1	0.122
1991	1	4	1	0.471018
1992	1	4	1	0.153993
1993	1	4	1	0.0384672

# Survey data (abundance indices)
# Year, Season, Survey, Sex, Obs, CV
1968	1	1	1	49.98149876	0.2
1969	1	1	1	45.98887874	0.2
1970	1	1	1	28.49876378	0.2
1972	1	1	1	31.9873901	0.16
1973	1	1	1	97.60202588	0.12
1974	1	1	1	139.3897878	0.14
1975	1	1	1	161.1481537	0.18
1976	1	1	1	184.6369643	0.19
1977	1	1	1	225.4820798	0.14
1978	1	1	1	224.8711283	0.15
1979	1	1	1	171.0281627	0.12
1980	1	1	1	162.0059434	0.22
1981	1	1	1	72.66277842	0.1
1982	1	1	1	70.88060418	0.26
1983	1	1	1	20.14109128	0.22
1984	1	1	1	49.63677179	0.64
1985	1	1	1	19.23154467	0.16
1986	1	1	1	28.55626343	0.19
1987	1	1	1	47.49625561	0.21
1988	1	1	1	32.5984591	0.21
1989	1	1	1	34.8781941	0.21
1990	1	1	1	36.87053274	0.21
1991	1	1	1	48.16707092	0.46
1992	1	1	1	20.35986715	0.17
1993	1	1	1	28.19321585	0.17
1994	1	1	1	16.5712593	0.17
1995	1	1	1	24.30238816	0.22
1996	1	1	1	29.95415974	0.2
1997	1	1	1	38.63195226	0.26
1998	1	1	1	48.89559812	0.18
1999	1	1	1	37.04373311	0.16
2000	1	1	1	43.31580773	0.17
2001	1	1	1	29.71449131	0.18
2002	1	1	1	48.87947295	0.2
2003	1	1	1	60.65781218	0.16
2004	1	1	1	57.54862346	0.16
2005	1	1	1	70.93678171	0.17
2006	1	1	1	63.47205131	0.13
2007	1	1	1	56.99998406	0.14
2008	1	1	1	62.17678984	0.2
2009	1	1	1	49.32716453	0.32
2010	1	1	1	45.19262181	0.15
2011	1	1	1	38.9328442	0.133
2007	1	2	1	22.331	0.0634
2008	1	2	1	19.747	0.0765

# Discard mortalities per fishery
1.0   # Pot discards
1.0   # Landed catches
1.0   # Trawl bycatch
1.0   # Tanner fishery

# Fishery retention values (highgrading rate)
# 68 69 70 71 72 73 74 75 76 77 78 79 80 81 82 83 84 85 86 87 88 89 90 91 92 93 94 95 96 97 98 99 00 01 02 03 04    2005   2006   2007     2008  2009 2010
   0  0  0  0  0  0  0  0  0  0  0  0  0  0  0  0  0  0  0  0  0  0  0  0  0  0  0  0  0  0  0  0  0  0  0  0  0  0.2785 0.0440 0.0197 0.019875     0    0

# Fishery timing (as fraction of year)
# 1968   1969   1970   1971   1972   1973   1974   1975  1976   1977    1978    1979    1980    1981    1982   1983   1984  1985  1986   1987   1988    1989    1990    1991    1992    1993  1994  1995  1996 1997 1998 1999 2000 2001 2002 2003 2004 2005 2006 2007 2008 2009 2010
  0.5    0.5    0.5    0.5    0.5    0.5    0.5    0.5   0.5    0.5     0.5     0.5     0.5     0.5     0.5    0.5    0.5   0.5   0.5    0.5    0.5     0.5     0.5     0.5     0.5     0.5   0.5   0.5   0.5  0.5  0.5  0.5  0.5  0.5  0.5  0.5  0.5  0.5 0.5   0.5  0.5  0.5  0.5 
  0.5    0.5    0.5    0.5    0.5    0.5    0.5    0.5   0.5    0.5     0.5     0.5     0.5     0.5     0.5    0.5    0.5   0.5   0.5    0.5    0.5     0.5     0.5     0.5     0.5     0.5   0.5   0.5   0.5  0.5  0.5  0.5  0.5  0.5  0.5  0.5  0.5  0.5 0.5   0.5  0.5  0.5  0.5
  0.5    0.5    0.5    0.5    0.5    0.5    0.5    0.5   0.5    0.5     0.5     0.5     0.5     0.5     0.5    0.5    0.5   0.5   0.5    0.5    0.5     0.5     0.5     0.5     0.5     0.5   0.5   0.5   0.5  0.5  0.5  0.5  0.5  0.5  0.5  0.5  0.5  0.5 0.5   0.5  0.5  0.5  0.5

# Effort (by fishery)
# 1968   1969   1970   1971   1972   1973   1974   1975  1976     1977    1978    1979    1980    1981    1982   1983   1984  1985  1986   1987   1988    1989    1990    1991    1992    1993  1994  1995  1996 1997 1998 1999 2000 2001 2002 2003 2004 2005 2006 2007 2008 2009 2010
   1.0    1.0    1.0    1.0    1.0    1.0    1.0    1.0   1.0      1.0     1.0     1.0     1.0     1.0     1.0    0.0    1.0   1.0   1.0    1.0    1.0     1.0     1.0     1.0     1.0     1.0   0.0   0.0   1.0  1.0  1.0  1.0  1.0  1.0  1.0  1.0  1.0  1.0 1.0   1.0  1.0  1.0  1.0
   1.0    1.0    1.0    1.0    1.0    1.0    1.0    1.0   1.0      1.0     1.0     1.0     1.0     1.0     1.0    1.0    1.0   1.0   1.0    1.0    1.0     1.0     1.0     1.0     1.0     1.0   1.0   1.0   1.0  1.0  1.0  1.0  1.0  1.0  1.0  1.0  1.0  1.0 1.0   1.0  1.0  1.0  1.0
  20.0   20.0   20.0   20.0   20.0   20.0   20.0   20.0  20.0  120.031  88.489 110.989 267.154  87.951 102.987 16.239 52.598 0.000 0.000 32.750 53.203 108.519 109.371 152.541 154.976 159.922 1.042   0.0   0.0  0.0  0.0  0.0  0.0  0.0  0.0  0.0  0.0  0.0 2.0   2.0  2.0  1.5  0.0 
  #1.0001  1.0001  1.0001  1.0001  1.0001  1.0001  1.0001  1.0001  1.0001  1.0001  1.0001  1.0001  1.0001  1.0001  1.0001  0.0001  1.0001  1.0001  1.0001  1.0001  1.0001  1.0001  1.0001  1.0001  1.0001  1.0001  0.0001  0.0001  1.0001  1.0001  1.0001  1.0001  1.0001  1.0001  1.0001  1.0001  1.0001  1.0001  1.0001  1.0001  1.0001  1.0001  1.0001
#1.0001  1.0001  1.0001  1.0001  1.0001  1.0001  1.0001  1.0001  1.0001  1.0001  1.0001  1.0001  1.0001  1.0001  1.0001  1.0001  1.0001  1.0001  1.0001  1.0001  1.0001  1.0001  1.0001  1.0001  1.0001  1.0001  1.0001  1.0001  1.0001  1.0001  1.0001  1.0001  1.0001  1.0001  1.0001  1.0001  1.0001  1.0001  1.0001  1.0001  1.0001  1.0001  1.0001
#0.074963188 0.074963188 0.074963188 0.074963188 0.074963188 0.074963188 0.074963188 0.074963188 0.074963188 0.449395163 0.33132843  0.415549516 1.0001  0.32931461  0.385596755 0.060885165 0.196982697 0.0001  0.0001  0.12268847  0.199247308 0.406303912 0.409493084 0.571085274 0.580199867 0.598713534 0.004000372 0.0001  0.0001  0.0001  0.0001  0.0001  0.0001  0.0001  0.0001  0.0001  0.0001  0.0001  0.007586319 0.007586319 0.007586319 0.005714739 0.0001
 
# Use effort to compute F (by fishery)
0 1900 1900 1900 1900
0 1900 1900 1900 1900
0 1900 1900 1900 1900

96	# Number of length frequency lines to read

# Length frequency data for fishing fleets
# Year, Season, Fleet, Sex, Maturity, Shell Cond, Nsamp, DataVec																			
1990  1 1 1 3 3 79.0167 1.9 0 1.9 13.8  7.9 21.7  11.9  65  86.6  131.8 210.7 261.8 320.9 419.4 147.6 15.8  0 0 0 0
1991  1 1 1 3 3 66.8289 4.8 14.7  28.6  31.1  35.2  57.3  47.4  91.6  90.7  100.6 93.2  163.5 230.6 313.1 136.5 14.7  0 0 0 0
1992  1 1 1 3 3 106.004 0 2.1 2.8 25.6  51.2  126.6 200.4 263.5 272.8 283.6 272.1 288.4 256.4 186.1 67.6  6.5 0 0 0 0
1993  1 1 1 3 3 123.566 5.1 12.1  15.3  13.4  16.7  32.8  83.9  153.5 209.1 290.3 358.6 415 408 458.3 200.8 14.8  0 0 0 0
1996  1 1 1 3 3 27.3596 0 0 0 7.8 31.2  49.4  44.1  18.2  28.6  41.6  36.4  59.7  88.4  119.5 62.4  7.8 0 0 0 0
1997  1 1 1 3 3 41.837  0 0.2 0.5 0.6 1.4 17.9  50.3  99.2  115.4 118.7 93.8  91.2  116 129.6 68.3  6.9 0 0 0 0
1998  1 1 1 3 3 145.91  0.6 1.6 2.5 14  22.2  31.7  33  55.5  124.1 307.8 444.9 654.3 649.5 574.6 226.6 30.8  0 0 0 0
1999  1 1 1 3 3 42.3887 0 0 0 7.9 7.9 2.7 7 7.9 13.2  26.4  58.1  116.2 195.3 299.1 173.3 7 0 0 0 0
2000  1 1 1 3 3 64.0244 0.4 7.1 26.7  67.3  85.4  80.2  82.9  80.9  74.1  77.7  99.2  147.5 208.5 216.5 124.7 13.5  0 0 0 0
2001  1 1 1 3 3 74.6446 2.6 9.3 15.1  18.7  25.2  49  92.2  140.6 163.8 194.2 201.2 229.1 214.1 183.1 78.1  7.3 0 0 0 0
2002  1 1 1 3 3 70.2126 1.8 9.3 9.2 13.9  9.9 15.9  20.3  51.2  96.2  174.4 235.6 260.4 250.7 241.6 122.6 14.2  0 0 0 0
2003  1 1 1 3 3 163.003 28.7  42.2  51.8  112.4 195.7 236.1 255.3 237.5 227.6 212.4 232.2 339.7 468.7 605.6 276.9 22.7  0 0 0 0
2004  1 1 1 3 3 70.7643 0.6 11.4  27.2  62.1  78.5  74.4  94.7  167.4 213 223.5 169.6 130.6 107.7 105.9 62.2  10.4  0 0 0 0
2005  1 1 1 3 3 174.35  0.8 3 5.5 10.9  28.9  83.6  129.9 158.5 172 249.4 362.4 521.6 523.8 525.3 276.6 99.5  93.3  132.2 130.7 284.4
2006  1 1 1 3 3 82.9476 0.6 2.3 7.9 27.1  56.2  68  66.3  62.5  81.6  138.2 167.6 206.4 248.4 318.2 230 51.3  18.9  15.4  13.5  23.8
2007  1 1 1 3 3 165.5 4.5 15  24.5  35.2  61.7  131.9 236.8 306.1 334 308.5 294.8 355.5 464.6 594.3 344.1 45.5  11.4  10.2  8 13.2
2008  1 1 1 3 3 174.097 0.5 1.3 4.6 17.6  40.9  53.5  60.4  81  167.1 306.1 480.5 679 752.7 695.8 372.3 37.6  5.2 6.8 6.9 17
2009  1 1 1 3 3 127.322 1.1 2.9 5 8.7 11.3  20.2  49.3  111.2 174.7 195.2 220.9 326.7 501.1 668.3 402.9 41.4  5.9 4.5 6.1 12
2010  1 1 1 3 3 113.304 1.74  2.79  6.06  13.45 20.97 29.34 36.51 53.66 84.11 133.44  237.13  373.85  497.19  584.72  332.74  33.87 4.11  4.53  3.97  10.31
1968  1 2 1 3 3 200 0 0 0 0 0 0 0 0 0 0 0 27.314811 174.814789  344.166616  480.740669  682.870269  710.18508 753.888777  617.314723  1693.518267
1969  1 2 1 3 3 192.553 0 0 0 0 0 0 0 0 0 0 0.559896  105.719924  270.341589  431.763631  500.71198 625.676705  578.486 535.253118  384.039314  755.674844
1970  1 2 1 3 3 173.152 0 0 0 0 0 0 0 0 0 0 21.779477 176.655758  411.759244  642.30941 682.750258  522.623691  437.803083  289.53094 184.899114  396.131025
1971  1 2 1 3 3 174.969 0 0 0 0 0 0 0 0 0 0 0 0 19.798348 361.588785  785.672669  851.986633  668.925868  482.901366  297.487458  337.403874
1972  1 2 1 3 3 200 0 0 0 0 0 0 0 0 0 0 0 0 41.185815 610.943438  1015.91058  1033.087008 869.54966 618.137223  383.89625 435.348027
1973  1 2 1 3 3 200 0 0 0 0 0 0 0 0 0 0 0 0.452059  36.164704 513.086738  916.775246  862.980249  759.458784  613.89585 377.017039  440.75733
1974  1 2 1 3 3 200 0 0 0 0 0 0 0 0 0 0 0 0 90.7  945.4 1716.3  1735.5  1408.3  912.7 542.2 543.7
1975  1 2 1 3 3 200 0 0 0 0 0 0 0 0 0 0 0 0 62.1  648 1504.8  1958.4  1855.8  1280  750 686.1
1976  1 2 1 3 3 200 0 0 0 0 0 0 0 0 0 0 0 0 17.2  307.7 1503.1  2456.1  2331.2  1733.8  1135.8  1118.5
1977  1 2 1 3 3 200 0 0 0 0 0 0 0 0 0 0 0 0 19.8  225.7 1621.2  2864.9  2612.2  1883.6  1219.9  1285.8
1978  1 2 1 3 3 200 0 0 0 0 0 0 0 0 0 0 0 0 17.1  308 2125.4  3816.5  3540.1  2466.6  1423.7  1048.2
1979  1 2 1 3 3 200 0 0 0 0 0 0 0 0 0 0 0 0 21.1  200.6 1256.2  2771.5  3357.7  3368  2616.1  3217.4
1980  1 2 1 3 3 200 0 0 0 0 0 0 0 0 0 0 0 0 16.3  288 1915.9  3691.1  4064.2  3734.6  2926.1  4209.2
1981  1 2 1 3 3 200 0 0 0 0 0 0 0 0 0 0 0 0 3.3 119.2 617.86  925.15  908.24  841.01  681.38  1211.8
1982  1 2 1 3 3 24.8728 0 0 0 0 0 0 0 0 0 0 0 0 0 29.42 139.36  151.58  90.17 45.28 27.47 57.73
1984  1 2 1 3 3 36.4993 0 0 0 0 0 0 0 0 0 0 0 0.2 1.8 51.9  246.9 248.9 140 67.2  25.5  11.5
1985  1 2 1 3 3 36.6005 0 0 0 0 0 0 0 0 0 0 0 0.4 3.5 62.9  228.4 246.6 151.1 68.5  24.4  10.3
1986  1 2 1 3 3 96.5285 0 0 0 0 0 0 0 0 0 0 0 0 3.4 111.4 548.6 690.6 437.6 205.3 73.9  28.8
1987  1 2 1 3 3 97.5767 0 0 0 0 0 0 0 0 0 0 0 0 2.8 60.3  402.2 646.2 535.3 301.5 120 54.1
1988  1 2 1 3 3 56.8248 0 0 0 0 0 0 0 0 0 0 0 0 0 25  160 327.1 305.4 231.9 127.7 58.9
1989  1 2 1 3 3 77.4582 0 0 0 0 0 0 0 0 0 0 0 0 0.8 31.5  204 372.1 368.9 321.5 201.6 184.4
1990  1 2 1 3 3 143.896 0 0 0 0 0 0 0 0 0 0 0 0.902738  0 45.738726 277.541787  563.810042  534.220296  540.740071  447.958664  718.980676
1991  1 2 1 3 3 122.329 0 0 0 0 0 0 0 0 0 0 0.101144  0.303432  1.314873  37.625593 225.652416  439.268688  476.186273  462.734112  381.110849  636.499621
1992  1 2 1 3 3 55.5453 0 0 0 0 0 0 0 0 0 0 0.3028  0.201867  0.605599  11.50639  77.113003 159.070802  202.068366  211.051425  197.627303  348.623445
1993  1 2 1 3 3 104.347 0 0 0 0 0 0 0 0 0 0 0 0 3.185309  31.299117 213.277152  406.057628  394.632112  362.294213  302.11963 556.80584
1984  1 2 1 3 3 58.1302 0 0 0 0 0 0 0 0 0 0 0 0.703805  0.703805  16.325292 98.516792 177.894069  204.774446  223.914959  211.248458  330.313374
1997  1 2 1 3 3 61.4989 0 0 0 0 0 0 0 0 0 0 0 0.509459  0.424549  18.518342 120.200401  198.776988  214.407396  227.319689  212.45347 345.056705
1998  1 2 1 3 3 102.88  0 0 0 0 0 0 0 0 0 0.7 0.832339  0.416169  1.8034  50.356481 265.654715  357.07323 333.351582  320.450335  311.849503  595.260773
1999  1 2 1 3 3 88.3882 0 0 0 0 0 0 0 0 0 0 0.108827  0 0.108827  28.186226 252.478931  495.054594  440.641031  312.225023  184.679632  209.056908
2000  1 2 1 3 3 58.4891 0 0 0 0 0 0 0 0 0 0.090297  0 0.180595  0.36119 14.086409 118.470313  247.505433  268.635047  231.883967  158.652699  232.335454
2001  1 2 1 3 3 59.1565 0 0 0 0 0 0 0 0 0 0.3 0.3 0.3 1.602 23.226  107.619 216.238 255.482 251.277 193.814 236.561
2002  1 2 1 3 3 68.246  0 0 0 0 0 0 0 0 0 0.372 0.093 0 0.28  22.361  160.257 279.704 284.269 249.796 198.085 289.208
2003  1 2 1 3 3 115.409 0 0 0 0 0 0 0 0 0 0.46444 0.15484 0.61936 2.167759  61.006934 367.590002  582.35299 469.784358  375.796518  249.447133  400.880588
2004  1 2 1 3 3 104.448 0 0 0 0 0 0 0 0 0 0 0.113383  0 0.453533  14.513065 116.784821  295.703703  386.637127  447.864121  370.876845  638.915018
2005  1 2 1 3 3 127.013 0 0 0 0 0 0 0 0 0 0.099141  0.198282  0.297423  2.280243  41.540082 237.442711  426.40547 458.824579  492.631663  418.969895  683.973806
2006  1 2 1 3 3 113.874 0 0 0 0 0 0 0 0 0 0 0.274796  0.274796  0.961786  25.143837 183.014155  471.962178  545.744912  467.428044  339.373095  442.696401
2007  1 2 1 3 3 145.018 0 0 0 0 0 0 0 0 0 0 0 0.563595  0.845392  20.993905 274.752448  578.248229  609.950434  582.334291  464.402086  622.20862
2008  1 2 1 3 3 140.868 0 0 0 0 0 0 0 0 0 0 0 0.210341  0.631022  30.709732 228.640268  446.342823  496.193553  548.568371  497.876278  814.859612
2009  1 2 1 3 3 117.371 0 0 0 0 0 0 0 0 0 0 0 0 0.536559  27.632781 294.168389  565.398886  502.487361  405.50435 276.864366  480.354309
2010  1 2 1 3 3 110.797 0 0 0 0 0 0 0 0 0 0 0.119678  0.119678  0.718066  21.901011 237.679829  540.703659  539.267527  448.432185  275.737324  345.270044
1976  1 3 1 3 3 13.7035 0 0 0 0 0 4.9998  3.34602 1.65378 8.30736 3.34602 9.9996  14.9994 16.65318  24.96054  38.30616  33.30636  28.30656  34.96014  24.96054  49.95954
1977  1 3 1 3 3 34.5267 2.83572 0.70893 0.70893 0.70893 2.04802 2.75695 6.22283 7.64069 24.97009  38.20345  47.18323  78.45492  85.38668  98.54127  81.9208 83.25989  79.08508  49.94018  25.67902  34.73757
1978  1 3 1 3 3 25.5734 0 0 0 0 0 0 0 1.61625 0.7758  1.61625 9.63285 17.7141 33.03615  56.3748 80.48925  74.8647 51.52605  63.6156 43.4448 121.542
1979  1 3 1 3 3 24.1428 13.10436  0.95706 1.8405  0.95706 1.8405  5.59512 2.79756 1.8405  0.95706 4.63806 3.75462 8.39268 16.78536  40.93272  42.84684  52.12296  66.11076  63.3132 59.55858  136.78596
1980  1 3 1 3 3 28.4183 60.60303  23.62491  10.95648  15.40755  16.20646  18.60319  31.27162  30.01619  43.3694 42.79875  48.16286  44.96722  41.99984  43.02701  35.72269  26.36403  23.62491  16.20646  14.95103  30.24445
1981  1 3 1 3 3 5.53576 6.99802 0.74788 1.20195 1.76286 2.99152 4.67425 7.45209 9.32179 10.31006  13.46184  11.59214  12.8208 7.66577 8.92114 6.43711 5.66252 2.99152 1.70944 1.36221 2.32377
1982  1 3 1 3 3 22.7809 55.05654  21.04872  19.39938  25.60404  27.96024  34.79322  32.12286  31.65162  31.49454  37.3065 33.45804  37.62066  31.8087 25.60404  17.12172  12.01662  6.59736 4.08408 2.98452 7.77546
1983  1 3 1 3 3 14.7289 11.38368  10.54592  16.55808  16.95232  15.32608  15.72032  18.57856  21.9296 23.30944  23.21088  22.52096  21.53536  20.15552  20.40192  18.28288  13.94624  10.05312  6.35712 4.73088 8.8704
1984  1 3 1 3 3 37.4557 42.75612  18.22392  17.17254  23.24718  31.5414 39.95244  46.61118  47.54574  50.34942  55.60632  59.69502  69.62472  69.39108  65.76966  55.25586  41.4711 30.84048  19.8594 12.73338  17.05572
1985  1 3 1 3 3 10.6742 1.40097 0.38458 0.93398 1.62073 2.747 4.50508 7.03232 10.87812  9.80679 12.25162  14.77886  17.47092  23.15721  23.67914  24.25601  23.15721  17.52586  12.49885  8.21353 15.87766
1986  1 3 1 3 3 5.45255 2.21427 0.44604 1.2744  1.68858 2.53287 3.17007 3.77541 4.18959 3.90285 5.03388 6.26049 8.47476 11.77227  12.29796  12.79179  11.24658  9.62172 6.30828 5.20911 6.38793
1987  1 3 1 3 3 4 0.21165 0.2988  0.6972  0.9462  1.43175 2.1165  2.87595 3.64785 4.12095 4.34505 5.86395 6.2997  6.76035 7.719 8.0427  7.63185 7.23345 4.4322  2.87595 3.22455
1988  1 3 1 3 3 12.5147 9.81084 0.4303  0.55939 0.98969 1.93635 4.08785 6.71268 9.20842 10.80053  12.0484 12.52173  14.32899  16.7817 20.26713  25.99012  29.99191  33.04704  27.28102  18.5029 16.91079
1989  1 3 1 3 3 4 0.109 0.109 0.131 0.131 0.262 0.393 0.917 1.147 1.671 2.501 3.276 5.165 5.515 6.694 8.561 9.271 8.802 8.43  7.043 10.035
1990  1 3 1 3 3 5.47527 4.123 1.031 1.546 0.515 1.804 1.289 5.137 2.835 5.652 6.168 4.123 5.395 5.395 7.456 11.837  12.868  13.108  11.064  5.91  11.837
1991  1 3 1 3 3 6.37453 8.826 5.303 4.129 1.174 4.129 2.367 2.954 2.954 7.083 4.129 7.67  5.909 5.909 4.129 5.909 13.579  6.496 9.432 9.432 27.14
1992  1 3 1 3 3 4 0 0 0 0 0 1.911 0 0 0 3.822 4.749 5.704 11.437  10.481  11.437  10.481  7.615 6.66  1.911 8.571
1994  1 3 1 3 3 4 0.29402 0.29402 0.29402 0.36632 0.0723  0 0 0.0723  0.0723  0.14942 0.0723  0.14942 0.44344 0.66034 0.95436 2.05814 1.98584 2.57388 3.82708 13.9057
1995  1 3 1 3 3 4 2.05738 0.17056 0.87412 0.6929  0.35178 0.87412 1.73758 1.73758 1.04468 1.73758 1.56702 0.6929  1.21524 1.04468 1.04468 1.73758 2.6117  2.08936 0.35178 1.21524
1996  1 3 1 3 3 4 0 0.03052 0.08393 0.14497 0.67144 1.45733 2.39582 3.15119 3.44876 3.53269 3.50217 3.56321 2.95281 3.97523 2.54079 3.18171 2.89177 3.50217 3.41824 10.78119
1997  1 3 1 3 3 4 0.0441  0.0441  0 0 0.0441  0.0441  0.0441  0.2156  0.1715  0.9065  1.6366  2.1511  2.3667  2.4549  3.1409  2.7979  2.4549  2.6705  2.1511  6.5856
1998  1 3 1 3 3 4 0.21551 0.03748 0.10307 0.03748 0.03748 0.06559 0.24362 0.20614 0.52472 0.66527 1.50857 2.03329 4.17902 6.2779  7.1212  8.48922 8.14253 7.78647 6.2779  13.83012
1999  1 3 1 3 3 4 0.5967  0.0663  0.0663  0.0663  0.1326  0.0663  0.3315  0.1989  0.5304  0.91715 1.58015 4.2653  7.41455 9.24885 12.3318 12.14395  10.4975 7.08305 5.77915 11.0279
2000  1 3 1 3 3 4 0.04688 0 0.0293  0.01758 0.0293  0.26956 0.3809  0.89658 1.42398 1.69354 1.69354 2.02756 2.20336 2.44362 2.60184 3.78556 4.55322 4.90482 4.29538 12.16536
2001  1 3 1 3 3 4 0.044978  0.017991  0.089955  0.044978  0.224888  0.557721  0.575712  0.755622  1.394303  1.727136  2.122938  2.077961  2.392803  2.941529  3.562218  4.020989  5.352323  5.21739 5.676161  17.937027
2002  1 3 1 3 3 4 0.045781  0.045781  0.152604  0.518854  0.686718  0.816431  0.923254  0.450182  0.450182  0.518854  0.923254  1.747316  2.090675  2.540857  3.837991  4.112678  4.219501  3.792209  3.662496  8.248246
2003  1 3 1 3 3 4 0.17941 0.17941 0.717639  1.076459  2.691148  2.332328  2.870558  1.076459  0.53823 1.794099  0.53823 1.794099  1.973509  1.973509  4.305837  5.202886  4.485247  3.049968  2.691148  10.944002
2004  1 3 1 3 3 4 0.292245  0.292245  0.876735  0.292245  0.292245  0.876735  2.630206  2.045716  1.753471  2.922451  1.753471  1.753471  0.876735  0.876735  1.753471  1.753471  5.552658  2.922451  2.922451  7.598374
2005  1 3 1 3 3 4 0.312355  0 0.937065  0.312355  0.312355  0.312355  0.312355  3.435903  1.874129  1.874129  3.123548  1.874129  4.685323  4.685323  1.874129  3.123548  4.997677  3.123548  3.123548  17.804226
2006  1 3 1 3 3 4 0.195551  0.195551  0.195551  0.586652  0.195551  1.173304  1.564405  1.759956  0.586652  3.324361  2.542158  4.302114  4.106564  3.715462  4.106564  2.93326 3.12881 1.955506  1.173304  4.693216
2007  1 3 1 3 3 4 0 0 0 0.017792  0.053377  0.106754  0.284676  0.604937  0.925197  1.26325 1.49455 1.779226  1.530134  2.401955  3.095853  3.167022  3.273776  3.131438  3.682998  8.362362
2008  1 3 1 3 3 4 0 0 0.110411  0.055206  0.220823  0.38644 0.38644 0.828085  0.828085  1.324936  1.821787  2.042609  3.146723  3.533162  4.692481  3.257134  3.864396  4.968509  6.017417  18.43869
2009  1 3 1 3 3 4 0 0 0 0 0.125999  0.106104  0.106104  0.358101  0.92841 1.286511  1.339563  2.831651  3.574379  4.06511 4.628787  4.913942  4.602261  3.959006  3.395328  7.918011
2010  1 3 1 3 3 4 0 0 0.093517  0.066012  0.093517  0.253046  0.225541  0.445581  0.731633  0.671122  0.797645  1.688807  1.974859  2.293917  3.064057  2.711993  2.678987  1.947354  1.688807  4.945399
1991  1 4 1 3 3 45.3805 8.881902  16.678238 9.967468  14.408419 17.763804 14.408419 35.527608 48.751773 49.936027 37.69874  55.462544 58.817929 62.074626 92.075717 99.773366 79.83843  73.226348 68.785397 57.633675 85.364947
1992  1 4 1 3 3 16.3497 0 0 0.782296  2.346887  8.605254  12.516733 22.722137 19.592954 20.37525  25.069025 31.327391 37.585757 31.327391 21.157546 24.286729 13.299029 17.246067 25.85132  21.157546 20.37525
1993  1 4 1 3 3 4.52167 0 0 0 0 0 0.442625  5.734446  10.583644 12.78693  14.557428 10.141019 6.177071  5.734446  7.937733  2.645911  4.849197  6.619695  3.088535  2.203286  4.849197

43	# Number of survey length frequency lines to read

# Length frequency data for surveys
# Year, Season, Survey, Sex, Nsamp, DataVec	
1968	1	1	1	200	1611.844192	946.839712	1010.965144	1308.633816	1897.637784	2649.726184	3448.523232	3431.898120	2565.017280	2024.305304	1938.804728	1735.345024	1638.761040	1504.968472	1197.008064	1268.258544	1391.759376	1127.340928	827.297240	1383.842656
1969	1	1	1	200	2613.935916	2070.171000	1565.049276	2386.677144	3073.973916	4234.189752	4933.447512	6007.176204	4958.289564	4793.595960	4247.070816	2756.547696	2524.688544	2212.782780	1826.350860	1789.547820	1296.387084	931.116912	530.883852	690.057000
1970	1	1	1	200	210.844500	501.761625	1281.564375	1418.371875	1250.983875	982.197375	1259.836125	1100.495625	1051.808250	1683.537000	1450.159500	1531.439250	1889.553000	1802.640000	1711.300875	1312.144875	1175.739750	551.656125	270.396000	227.341875
1972	1	1	1	200	139.648929	497.856219	872.676021	2005.441683	2292.526656	2963.256828	3157.415562	2401.027125	1881.366984	1656.059790	1888.115817	1445.288544	1951.970160	1644.638688	1528.870245	1547.040180	775.596654	1035.686295	308.888895	543.021486
1973	1	1	1	200	1976.420850	4164.476145	4669.950150	4837.858470	3671.245455	5490.252255	4960.291620	6205.611660	8050.854135	6606.142965	5107.211400	5605.689225	4393.601040	4181.966595	3125.543415	2401.438785	2259.766140	1327.525155	906.005310	848.286825
1974	1	1	1	200	3568.883568	4842.029818	7394.433420	7099.063490	6797.582458	5793.324696	4110.734612	5585.547228	4960.177790	6143.694544	5117.029408	6801.656526	6709.989996	6520.545834	5762.769186	4998.881436	3464.994834	2130.737564	3499.624412	965.554116
1975	1	1	1	200	8600.246960	15359.730520	9101.134960	9326.534560	9088.612760	6751.970240	6879.696680	5331.952760	5667.547720	6686.854800	6025.682640	6155.913520	6634.261560	6085.789200	5266.837320	5827.831880	4520.514200	2890.123760	2113.747360	2714.812960
1976	1	1	1	200	721.587020	3960.986260	9098.809720	15741.746020	18919.206460	14187.082140	14790.985440	11028.203340	10065.055000	8897.508620	9523.090500	10405.718400	8070.625640	8885.120860	8008.686840	5741.726760	5326.736800	4171.578180	2737.694960	2226.699860
1977	1	1	1	200	2449.573000	2033.145590	2575.551040	3940.313140	6662.838560	12870.756420	15229.345280	14823.416040	13889.078910	14875.906890	13686.114290	13675.616120	10326.699890	10876.104120	10862.106560	8755.473780	5623.519730	4745.172840	2911.492480	4199.268000
1978	1	1	1	200	1310.796630	3651.286650	4158.494670	7336.183470	5267.630280	5823.725820	5447.903010	8521.705830	9031.969320	9093.078720	9175.576410	9276.406920	8851.696590	11201.353020	10584.148080	8631.702750	7947.277470	5279.852160	3312.129480	2783.533170
1979	1	1	1	200	1647.946190	1803.260580	2267.186680	3271.687540	2957.024620	3437.087280	2559.661830	2898.529590	2811.795580	3763.852620	5191.938180	7263.469070	7380.459130	8405.130690	7334.066520	7501.483330	6894.345260	5698.222750	3184.953530	5080.999330
1980	1	1	1	200	1510.473600	3069.468000	6069.319200	6795.021600	6786.583200	6868.857600	5655.837600	5613.645600	4873.176000	4225.528800	4797.230400	3573.662400	5084.136000	5651.618400	5742.331200	7012.310400	5780.304000	5795.071200	4801.449600	6651.568800
1981	1	1	1	200	4128.766800	2457.211440	2180.289600	3160.166880	4797.890160	4198.937040	4002.209760	3969.630720	3641.334240	4241.540400	2915.824080	2721.602880	2326.895280	2300.581440	1826.932320	1824.426240	1331.981520	1283.112960	775.631760	1828.185360
1982	1	1	1	200	17793.817440	18215.982720	15316.964760	6438.020520	5387.098440	6961.236000	7922.335680	6449.248320	4430.489880	3839.907600	4452.945480	3168.485160	2932.701360	1776.237960	1477.578480	972.327480	884.750640	119.014680	92.067960	395.218560
1983	1	1	1	200	2314.253280	2530.591840	3536.850800	4731.694360	5696.678200	5568.583000	4267.705080	3331.186840	2826.634080	2838.731960	2289.345880	2198.255960	1352.827640	848.274880	759.319880	261.883520	177.910000	87.531720	0.000000	0.000000
1984	1	1	1	200	4149.450110	17403.788740	37019.876400	39643.507280	19277.016720	9302.216690	4129.995220	3815.937710	3763.131580	3349.020350	2762.594380	1636.990030	1806.525500	1170.072670	1848.214550	661.466260	219.562330	255.692840	5.558540	80.598830
1985	1	1	1	200	95.831631	469.611709	896.631582	1451.794134	2162.637190	2135.833707	1554.969185	1478.230446	2208.533565	2254.062769	1884.321572	1920.671501	1824.839870	1535.876293	1025.875774	871.663954	64.622096	187.257210	152.375965	0.000000
1986	1	1	1	200	458.823846	734.200233	1017.784560	824.897970	951.300246	641.450511	1674.009363	1641.588000	2293.298436	1991.246244	2768.538162	3011.903583	2872.779000	3231.876375	2312.587095	1579.207656	1126.539765	300.821001	120.246321	95.212104
1987	1	1	1	200	110.596628	523.686020	2427.266392	3831.330868	3446.073740	2367.207296	2170.184164	2174.578732	2278.583508	1877.945392	2445.577092	1973.893460	2704.856604	2540.792732	2144.549184	2104.265644	1352.794516	1158.701096	281.984780	291.506344
1988	1	1	1	200	58.765740	43.629110	294.719090	475.023065	577.863110	960.285615	2074.608700	1930.365520	1749.616350	1677.494760	1179.321555	1359.180335	905.526630	1654.789815	1472.705060	2192.585375	1640.988770	1193.122600	420.709275	412.695765
1989	1	1	1	200	63.012451	3.755709	33.801381	95.144628	590.063614	1335.363200	694.388864	1451.372878	997.349390	1799.401912	1619.127880	1533.581175	2175.390113	2533.434371	2295.155500	2631.917407	2019.736840	1911.655881	1131.720312	1092.076717
1990	1	1	1	200	57.929916	484.504752	689.453773	1586.928608	1473.263091	442.812767	361.184249	304.570922	688.137184	1139.288348	994.024695	1306.056288	1386.807080	1591.317238	1561.913417	1754.135411	1292.451535	1427.621339	852.271946	1445.175859
1991	1	1	1	200	54.707317	465.277764	1162.132132	871.067960	1380.430261	1127.076958	713.850816	1423.983659	1150.978213	896.031493	306.998342	1096.802035	1852.612832	2013.547949	3165.057301	3602.715837	3427.971106	2651.445888	2161.735730	4174.221401
1992	1	1	1	200	27.848700	0.000000	56.254374	353.956977	701.787240	988.628850	1537.248240	1469.575899	1063.263366	1111.998591	810.118683	1052.959347	969.970221	780.599061	650.545632	649.710171	609.329556	853.562655	469.250595	1382.130981
1993	1	1	1	200	77.570460	407.950101	507.381327	389.262672	326.501118	581.778450	526.068756	845.165421	1125.124263	1549.646235	1657.539693	2273.872257	1770.722046	1483.006158	1189.296189	1029.571560	1098.327195	1030.629339	812.374272	1443.868335
1994	1	1	1	200	31.260654	0.000000	59.626803	457.331790	453.086516	292.537972	238.507212	334.411811	411.212677	682.524279	795.409974	777.657010	1210.481991	1750.403657	914.663580	889.963804	903.085560	631.580991	442.666298	972.553680
1995	1	1	1	200	894.228354	2160.893641	1763.775246	697.093087	348.388329	535.081439	702.155951	807.843237	869.546892	963.842734	830.942554	847.713291	1086.617186	1272.361009	1551.134958	1369.504712	1022.065670	752.151733	340.477604	827.461835
1996	1	1	1	200	1236.054384	601.804256	1324.502720	2351.659024	2807.234624	2639.227232	1224.942784	999.599536	520.022880	793.812704	623.582992	667.140464	619.582816	576.914272	967.598128	732.032208	845.814992	761.811296	812.035728	1120.493744
1997	1	1	1	200	0.000000	252.975198	156.603694	367.770666	899.939780	3993.748504	6680.104178	7580.752572	6446.261558	3652.196556	2134.345368	1145.828838	1054.417632	936.079094	1006.231880	1192.597362	1656.030918	1191.180134	1226.610834	2845.085210
1998	1	1	1	200	1416.052770	1181.062718	700.216022	863.894064	814.994400	688.670268	913.472890	1147.104618	1536.943606	3168.969892	3295.973186	3554.054746	3065.058106	1974.323934	1244.224784	1035.722050	1327.761710	915.510376	539.933790	1663.946900
1999	1	1	1	200	2568.978329	1076.473832	588.972363	457.501379	527.207471	484.854402	535.148671	652.060788	206.471210	582.354696	799.855351	1027.061918	2293.242204	2363.830652	3087.362244	3031.332664	1917.358719	1335.004023	972.355871	1111.326878
2000	1	1	1	200	89.362943	241.535270	991.673347	2013.985418	1578.404900	1016.184326	1158.654390	829.288113	1020.269489	747.074206	682.732886	1506.403901	1496.190993	2489.906922	2117.135787	1830.153078	1743.343361	1165.803425	431.495355	999.333028
2001	1	1	1	200	300.143558	216.068512	462.194942	649.076780	679.570320	1833.532998	1618.335730	2280.045548	1507.687742	870.808378	1103.430526	724.875008	608.128312	878.649574	573.714174	486.154152	953.576558	832.909264	836.829862	1424.048318
2002	1	1	1	200	3533.370500	4226.136300	2887.628000	1803.442900	790.123900	600.706100	503.348000	703.362600	1517.991600	1762.380300	2300.830200	1922.656900	1341.157500	1666.346800	1125.910000	1280.888200	1290.160400	1467.656800	1599.454500	1814.702000
2003	1	1	1	200	1224.594652	564.962620	1175.733020	1935.378705	3243.954287	2639.291591	2537.751012	1404.008457	875.692061	1184.131113	977.996103	2014.778857	1703.285953	2693.497464	2456.823934	2397.273820	1691.834008	1239.100449	1061.977033	2760.682208
2004	1	1	1	200	3991.896844	3111.531891	2883.131303	2015.549965	1897.088466	1694.255108	2457.863044	3433.678989	3076.590010	3028.864514	2249.916240	1749.650773	1059.335563	1122.401397	1406.197650	1868.112272	1661.869950	2263.552096	1332.052683	2993.070392
2005	1	1	1	200	3594.876075	5977.182603	4267.959255	1630.696977	995.347248	2322.136971	2390.465112	2188.540158	1878.513966	1746.956799	2229.333078	2372.108298	1619.478924	1928.485293	1273.758927	1614.379809	1053.477159	1575.626535	1465.485651	2570.973783
2006	1	1	1	200	1064.189654	1581.838467	1384.409618	2212.647719	2329.820939	2955.012297	1680.552892	1663.699210	1032.087402	1503.990506	930.162752	1028.074620	1890.020087	1642.030190	2639.607671	2241.539746	2171.717348	1597.889593	1156.483628	1971.078273
2007	1	1	1	200	130.099200	186.828503	401.643462	631.586235	1484.038553	2048.306016	2609.547915	3296.350671	2913.616976	2172.354090	1415.963390	1760.121159	1779.787317	2378.092361	2061.164658	2171.597700	2092.176676	1979.474462	1729.865531	2187.481904
2008	1	1	1	200	0.000000	62.696298	296.304423	530.771401	1165.464064	1470.357021	1521.888225	1873.159265	2884.029717	3650.126950	3546.205689	2566.253959	2993.962952	2479.509766	1947.879511	1802.733287	1894.630600	1846.534810	1736.601575	3656.138924
2009	1	1	1	200	59.333210	29.978885	230.462681	327.894058	331.641418	647.668834	602.075946	1407.133928	2057.925562	1878.052251	1967.988907	2047.308041	2264.654959	2989.144686	1949.876663	2054.178202	1236.004458	1018.032979	926.222643	1054.257466
2010	1	1	1	200	0.000000	178.912367	429.603948	505.132821	414.605306	288.188184	861.350558	719.934795	694.222838	817.961631	1444.690582	1944.466745	1617.710625	1742.520750	1966.964707	1861.438551	2265.866207	1405.586980	778.858030	1070.795874
2011	1	1	1	200	176.662330	212.091863	605.699415	991.541591	818.276614	669.763777	813.908589	730.430785	883.796984	640.643612	876.031606	983.290878	782.361745	1432.712079	1332.247512	1248.769708	1172.571945	991.056255	560.077825	798.863171

# Mean Length Vector (length n-size-classes)
67.5	72.5	77.5	82.5	87.5	92.5	97.5	102.5	107.5	112.5	117.5	122.5	127.5	132.5	137.5	142.5	147.5	152.5	157.5	162.5

# Mean Weight Vector (length n-size-classes)
0.218	0.273	0.337	0.411	0.495	0.59	0.696	0.815	0.948	1.094	1.256	1.432	1.625	1.835	2.063	2.31	2.576	2.862	3.169	3.7

# Fecundity Vector (weight * proportion mature) 
0	0	0	0	0	0	0	0	0	0	0	1.432	1.625	1.835	2.063	2.31	2.576	2.862	3.169	3.7

0 # Number of lines of capture data to read
0 # Number of lines of mark data to read
0 # Number of lines of recapture data to read

999 # EOF check.