#========================================================================================================
# Gmacs Main  Data  File  Version 1.1:  BBRKC Example
# GEAR_INDEX   DESCRIPTION
#    1        : Pot fishery retained catch.
#    1        : Pot fishery with discarded catch.
#    2        : Trawl bycatch
#    3        : Trawl survey

# Fisheries:  1 Pot Fishery,  2 Pot Discard,  3 Trawl by-catch, 4 BSFRF
# Surveys:    3 NMFS  Trawl Survey, 4 BSFRF Survey
#========================================================================================================

1975  # Start year
2016  # End year
2017  # Projection year
4     # Number of seasons
4     # Number  of  distinct  data  groups  (among fishing fleets and surveys)
2     # Number  of  sexes
2     # Number  of  shell condition types
1     # Number  of  maturity  types
20    # Number  of  size-classes  in  the model
4     # Season recruitment occurs
4     # Season molting and growth occurs
2     # Season to calculate SSB
1     # Season for N output
# size_breaks (a  vector  giving  the break points  between size  intervals,  dim=nclass+1)
65  70  75  80  85  90  95  100 105 110 115 120 125 130 135 140 145 150 155 160 165
# weight-at-length input method (1 = allometry w_l = a*l^b, 2 = vector by sex)
2
# weight-at-length  allometry w_l = a*l^b
#a=0.003593,b=2.666076  female  > 89mm
#a=0.000408,b=3.127956  female  < 90  new shell
#a=0.000403,  b=3.141334  male  new shell
##  a (male,  female)
4.03E-07  4.08E-07
##  b (male,  female)
3.141334  3.127956
## Males
0.000224781 0.000281351 0.000346923 0.000422209 0.000507927 0.000604802 0.000713564 0.00083495  0.0009697 0.00111856  0.00128229  0.00146163  0.00165736  0.00187023  0.00210101  0.00235048  0.00261942  0.00290861  0.00321882  0.0039059
#0.224781 0.281351 0.346923 0.422209 0.507927 0.604802 0.713564 0.83495 0.9697 1.11856 1.28229 1.46163 1.65736 1.87023 2.10101 2.35048 2.61942 2.90861 3.21882 3.9059
## Females
0.0002151 0.00026898  0.00033137  0.00040294  0.00048437  0.00062711  0.0007216 0.00082452  0.00093615  0.00105678  0.00118669  0.00132613  0.00147539  0.00163473  0.00180441  0.00218315  0.00218315  0.00218315  0.00218315  0.0021831
#0.21510 0.26898 0.33137 0.40294 0.48437 0.62711 0.72160 0.82452 0.93615 1.05678 1.18669 1.32613 1.47539 1.63473 1.80441 2.18315 2.18315 2.18315 2.18315 2.1831
# Male  mature  weight-at-length  (weight * proportion  mature)
0 0 0 0 0 0 0 0 0 0 0 1.46163 1.65736 1.87023 2.10101 2.35048 2.61942 2.90861 3.21882 3.9059
# Proportion  mature  by  sex
0 0 0 0 0 0 0 0 0 0 0 1 1 1 1 1 1 1 1 1
0 0 0 0 0 1 1 1 1 1 1 1 1 1 1 1 1 1 1 1
# Natural mortality per season input type (1 = vector by season, 2 = matrix by season/year)
1
# Proportion of the total natural mortality to be applied each season
0.5 0.5 0.0 0.0
# Fishing fleet names (delimited  with  : no  spaces  in  names)
Pot_Fishery:Trawl_Bycatch
# Survey  names (delimited  with  : no  spaces  in  names)
NMFS_Trawl:BSFRF
# Number  of  catch data  frames
4
# Number  of  rows  in  each  data  frame
40  25  25  39
##  ————————————————————————————————————————————————————————————————————————————————————  ##
##  CATCH DATA
##  Type  of  catch:  1 = retained, 2 = discard,  3 =
##  Units of  catch:  1 = biomass,  2 = numbers
##  for BBRKC Units are in  1000 mt  for landed  & discards.
##  ————————————————————————————————————————————————————————————————————————————————————  ##
##  Male retained pot fishery (tonnes)
##  year  seas  fleet sex obs      cv    type  units mult  effort  discard_mortality
    1975  1     1     1   23281.2  0.05  1     1     1     0       0
    1976  1 1 1 28993.6 0.05  1 1 1 0 0
    1977  1 1 1 31736.9 0.05  1 1 1 0 0
    1978  1 1 1 39743.0 0.05  1 1 1 0 0
    1979  1 1 1 48910.0 0.05  1 1 1 0 0
    1980  1 1 1 58943.6 0.05  1 1 1 0 0
    1981  1 1 1 15236.8 0.05  1 1 1 0 0
    1982  1 1 1 1361.32 0.05  1 1 1 0 0
    1983  1 1 1 0.001   0.05  1 1 1 0 0
    1984  1 1 1 1897.1  0.05  1 1 1 0 0
    1985  1 1 1 1893.75 0.05  1 1 1 0 0
    1986  1 1 1 5168.19 0.05  1 1 1 0 0
    1987  1 1 1 5574.24 0.05  1 1 1 0 0
    1988  1 1 1 3351.05 0.05  1 1 1 0 0
    1989  1 1 1 4656.03 0.05  1 1 1 0 0
    1990  1 1 1 9272.79 0.05  1 1 1 0 0
    1991  1 1 1 7885.25 0.05  1 1 1 0 0
    1992  1 1 1 3681.81 0.05  1 1 1 0 0
    1993  1 1 1 6659.64 0.05  1 1 1 0 0
    1994  1 1 1 42.1841 0.05  1 1 1 0 0
    1995  1 1 1 36.2874 0.05  1 1 1 0 0
    1996  1 1 1 3861.89 0.05  1 1 1 0 0
    1997  1 1 1 4042.14 0.05  1 1 1 0 0
    1998  1 1 1 6779.39 0.05  1 1 1 0 0
    1999  1 1 1 5377.79 0.05  1 1 1 0 0
    2000  1 1 1 3738.05 0.05  1 1 1 0 0
    2001  1 1 1 3865.97 0.05  1 1 1 0 0
    2002  1 1 1 4384.42 0.05  1 1 1 0 0
    2003  1 1 1 7135.46 0.05  1 1 1 0 0
    2004  1 1 1 7006.64 0.05  1 1 1 0 0
    2005  1 1 1 8399.62 0.05  1 1 1 0 0
    2006  1 1 1 7143.17 0.05  1 1 1 0 0
    2007  1 1 1 9303.95 0.05  1 1 1 0 0
    2008  1 1 1 9216.07 0.05  1 1 1 0 0
    2009  1 1 1 7272.47 0.05  1 1 1 0 0
    2010  1 1 1 6761.53 0.05  1 1 1 0 0
    2011  1 1 1 3607.09 0.05  1 1 1 0 0
    2012  1 1 1 3621.73 0.05  1 1 1 0 0
    2013  1 1 1 3990.99 0.05  1 1 1 0 0
    2014  1 1 1 4538.62 0.05  1 1 1 0 0
##  Male discards pot fishery (numbers)
  1990  1 1 1 526.914 0.05  2 2 1 0 0.2
  1991  1 1 1 407.824 0.05  2 2 1 0 0.2
  1992  1 1 1 552.009 0.05  2 2 1 0 0.2
  1993  1 1 1 763.157 0.05  2 2 1 0 0.2
  1994  1 1 1 3.81194 0.05  2 2 1 0 0.2
  1995  1 1 1 3.27373 0.05  2 2 1 0 0.2
  1996  1 1 1 164.636 0.05  2 2 1 0 0.2
  1997  1 1 1 244.687 0.05  2 2 1 0 0.2
  1998  1 1 1 959.712 0.05  2 2 1 0 0.2
  1999  1 1 1 314.171 0.05  2 2 1 0 0.2
  2000  1 1 1 360.833 0.05  2 2 1 0 0.2
  2001  1 1 1 417.875 0.05  2 2 1 0 0.2
  2002  1 1 1 442.658 0.05  2 2 1 0 0.2
  2003  1 1 1 918.858 0.05  2 2 1 0 0.2
  2004  1 1 1 345.549 0.05  2 2 1 0 0.2
  2005  1 1 1 1359.53 0.05  2 2 1 0 0.2
  2006  1 1 1 563.751 0.05  2 2 1 0 0.2
  2007  1 1 1 1001.31 0.05  2 2 1 0 0.2
  2008  1 1 1 1165.51 0.05  2 2 1 0 0.2
  2009  1 1 1 888.124 0.05  2 2 1 0 0.2
  2010  1 1 1 797.476 0.05  2 2 1 0 0.2
  2011  1 1 1 394.962 0.05  2 2 1 0 0.2
  2012  1 1 1 205.155 0.05  2 2 1 0 0.2
  2013  1 1 1 310.579 0.05  2 2 1 0 0.2
  2014  1 1 1 584.656 0.05  2 2 1 0 0.2
##  Female  discards  Pot fishery
  1990  1 1 2 651.495 0.05  2 2 1 0 0.2
  1991  1 1 2 74.998  0.05  2 2 1 0 0.2
  1992  1 1 2 418.527 0.05  2 2 1 0 0.2
  1993  1 1 2 637.129 0.05  2 2 1 0 0.2
  1994  1 1 2 1.87659 0.05  2 2 1 0 0.2
  1995  1 1 2 1.61164 0.05  2 2 1 0 0.2
  1996  1 1 2 1.03179 0.05  2 2 1 0 0.2
  1997  1 1 2 19.6126 0.05  2 2 1 0 0.2
  1998  1 1 2 864.943 0.05  2 2 1 0 0.2
  1999  1 1 2 8.82255 0.05  2 2 1 0 0.2
  2000  1 1 2 40.4682 0.05  2 2 1 0 0.2
  2001  1 1 2 173.46  0.05  2 2 1 0 0.2
  2002  1 1 2 7.29233 0.05  2 2 1 0 0.2
  2003  1 1 2 430.415 0.05  2 2 1 0 0.2
  2004  1 1 2 187.029 0.05  2 2 1 0 0.2
  2005  1 1 2 498.31  0.05  2 2 1 0 0.2
  2006  1 1 2 36.9551 0.05  2 2 1 0 0.2
  2007  1 1 2 186.111 0.05  2 2 1 0 0.2
  2008  1 1 2 148.426 0.05  2 2 1 0 0.2
  2009  1 1 2 85.1973 0.05  2 2 1 0 0.2
  2010  1 1 2 122.625 0.05  2 2 1 0 0.2
  2011  1 1 2 23.9891 0.05  2 2 1 0 0.2
  2012  1 1 2 12.3255 0.05  2 2 1 0 0.2
  2013  1 1 2 99.7634 0.05  2 2 1 0 0.2
  2014  1 1 2 86.1936 0.05  2 2 1 0 0.2
##  Trawl fishery discards
##  year seas fleet sex obs cv type units mult effort discard_mortality
  1976  1 2 0 682.795 0.05  2 2 1 0 0.8
  1977  1 2 0 1249.85 0.05  2 2 1 0 0.8
  1978  1 2 0 1320.62 0.05  2 2 1 0 0.8
  1979  1 2 0 1331.94 0.05  2 2 1 0 0.8
  1980  1 2 0 1036.5  0.05  2 2 1 0 0.8
  1981  1 2 0 219.383 0.05  2 2 1 0 0.8
  1982  1 2 0 574.888 0.05  2 2 1 0 0.8
  1983  1 2 0 420.443 0.05  2 2 1 0 0.8
  1984  1 2 0 1094.04 0.05  2 2 1 0 0.8
  1985  1 2 0 390.061 0.05  2 2 1 0 0.8
  1986  1 2 0 200.606 0.05  2 2 1 0 0.8
  1987  1 2 0 186.436 0.05  2 2 1 0 0.8
  1988  1 2 0 597.816 0.05  2 2 1 0 0.8
  1989  1 2 0 174.066 0.05  2 2 1 0 0.8
  1990  1 2 0 247.553 0.05  2 2 1 0 0.8
  1991  1 2 0 315.959 0.05  2 2 1 0 0.8
  1992  1 2 0 335.39  0.05  2 2 1 0 0.8
  1993  1 2 0 426.564 0.05  2 2 1 0 0.8
  1994  1 2 0 88.9147 0.05  2 2 1 0 0.8
  1995  1 2 0 194.24  0.05  2 2 1 0 0.8
  1996  1 2 0 106.509 0.05  2 2 1 0 0.8
  1997  1 2 0 73.4005 0.05  2 2 1 0 0.8
  1998  1 2 0 159.848 0.05  2 2 1 0 0.8
  1999  1 2 0 201.575 0.05  2 2 1 0 0.8
  2000  1 2 0 100.354 0.05  2 2 1 0 0.8
  2001  1 2 0 164.565 0.05  2 2 1 0 0.8
  2002  1 2 0 155.091 0.05  2 2 1 0 0.8
  2003  1 2 0 172.32  0.05  2 2 1 0 0.8
  2004  1 2 0 119.557 0.05  2 2 1 0 0.8
  2005  1 2 0 155.222 0.05  2 2 1 0 0.8
  2006  1 2 0 116.676 0.05  2 2 1 0 0.8
  2007  1 2 0 138.486 0.05  2 2 1 0 0.8
  2008  1 2 0 159.516 0.05  2 2 1 0 0.8
  2009  1 2 0 103.743 0.05  2 2 1 0 0.8
  2010  1 2 0 85.3280 0.05  2 2 1 0 0.8
  2011  1 2 0 68.8102 0.05  2 2 1 0 0.8
  2012  1 2 0 61.2443 0.05  2 2 1 0 0.8
  2013  1 2 0 136.221 0.05  2 2 1 0 0.8
  2014  1 2 0 186.130 0.05  2 2 1 0 0.8
##  ————————————————————————————————————————————————————————————————————————————————————  ##
##  RELATIVE  ABUNDANCE DATA
##  Units of  Abundance:  1 = biomass,  2 = numbers
##  TODO: add column for maturity for terminal molt life-histories
##  for BBRKC Units are in  1000 mt.
##  ————————————————————————————————————————————————————————————————————————————————————  ##
##  Number  of  relative  abundance indicies
2
##  Number  of  rows  in  each  index
82  6
# Survey  data  (abundance  indices,  units are 1000 mt)
# Year, Seas, Fleet,  Sex,  Abundance,  CV     units
  1975  1     3       1    135463.32    0.193   1
  1976  1     3       1    260149.49    0.144   1
  1977  1     3       1    235411.43    0.152   1
  1978  1     3       1    203192.71    0.144   1
  1979  1     3       1    103715.00    0.164   1
  1980  1     3       1    168047.18    0.221   1
  1981  1     3       1    69161.20     0.19    1
  1982  1     3       1    73232.86     0.251   1
  1983  1     3       1    35368.02     0.214   1
  1984  1     3       1    98281.53     0.606   1
  1985  1     3       1    27203.70     0.159   1
  1986  1     3       1    41113.63     0.42    1
  1987  1     3       1    47410.50     0.209   1
  1988  1     3       1    35852.58     0.228   1
  1989  1     3       1    42967.75     0.232   1
  1990  1     3       1    39271.64     0.242   1
  1991  1     3       1    67458.39     0.443   1
  1992  1     3       1    25442.52     0.175   1
  1993  1     3       1    36217.50     0.198   1
  1994  1     3       1    23285.54     0.174   1
  1995  1     3       1    27670.53     0.267   1
  1996  1     3       1    27277.48     0.203   1
  1997  1     3       1    60719.57     0.265   1
  1998  1     3       1    46693.73     0.182   1
  1999  1     3       1    45126.53     0.204   1
  2000  1     3       1    38924.68     0.222   1
  2001  1     3       1    28367.49     0.187   1
  2002  1     3       1    45596.97     0.202   1
  2003  1     3       1    74997.93     0.283   1
  2004  1     3       1    91090.07     0.321   1
  2005  1     3       1    55471.45     0.172   1
  2006  1     3       1    51948.59     0.17    1
  2007  1     3       1    59064.23     0.21    1
  2008  1     3       1    67945.65     0.225   1
  2009  1     3       1    43692.76     0.326   1
  2010  1     3       1    39555.62     0.223   1
  2011  1     3       1    27529.87     0.211   1
  2012  1     3       1    30830.44     0.232   1
  2013  1     3       1    39833.23     0.244   1
  2014  1     3       1    60859.12     0.191   1
  2015  1     3       1    36919.28     0.208   1
  1975  1     3       2    67267.28     0.193   1
  1976  1     3       2    71718.04     0.144   1
  1977  1     3       2    140249.63    0.152   1
  1978  1     3       2    146351.82    0.144   1
  1979  1     3       2    63911.67     0.164   1
  1980  1     3       2    81275.03     0.221   1
  1981  1     3       2    63507.85     0.19    1
  1982  1     3       2    70506.74     0.251   1
  1983  1     3       2    13951.70     0.214   1
  1984  1     3       2    57029.97     0.606   1
  1985  1     3       2    7330.79      0.159   1
  1986  1     3       2    7044.78      0.42    1
  1987  1     3       2    22852.72     0.209   1
  1988  1     3       2    19519.60     0.228   1
  1989  1     3       2    12973.56     0.232   1
  1990  1     3       2    21049.25     0.242   1
  1991  1     3       2    17596.54     0.443   1
  1992  1     3       2    12244.80     0.175   1
  1993  1     3       2    17485.53     0.198   1
  1994  1     3       2    9049.36      0.174   1
  1995  1     3       2    10725.74     0.267   1
  1996  1     3       2    17371.13     0.203   1
  1997  1     3       2    24557.10     0.265   1
  1998  1     3       2    38481.97     0.182   1
  1999  1     3       2    20477.34     0.204   1
  2000  1     3       2    29417.67     0.222   1
  2001  1     3       2    24820.57     0.187   1
  2002  1     3       2    24188.87     0.202   1
  2003  1     3       2    41796.11     0.283   1
  2004  1     3       2    40819.81     0.321   1
  2005  1     3       2    51869.83     0.172   1
  2006  1     3       2    43727.75     0.17    1
  2007  1     3       2    45777.06     0.21    1
  2008  1     3       2    46484.48     0.225   1
  2009  1     3       2    47979.95     0.326   1
  2010  1     3       2    42086.47     0.223   1
  2011  1     3       2    39523.28     0.211   1
  2012  1     3       2    30417.78     0.232   1
  2013  1     3       2    22576.58     0.244   1
  2014  1     3       2    53243.87     0.191   1
  2015  1     3       2    27320.77     0.208   1

  2007  1     4       0    130352.8     0.2164  1
  2008  1     4       0    106040.9     0.1939  1
  2013  1     4       0     95016.7     0.1939  1
  2014  1     4       0    111740.4     0.1939  1
  2015  1     4       0     98952.5     0.1939  1
  2016  1     4       0     87725.1     0.1939  1

##  Number  of  length  frequency matrices
1
##  Number  of  rows  in  each  matrix
1
##  Number  of  bins  in  each  matrix  (columns  of  size  data)
20
##  SIZE  COMPOSITION DATA  FOR ALL FLEETS
##  ————————————————————————————————————————————————————————————————————————————————————  ##
##  SIZE  COMP  LEGEND
##  Sex:  1 = male, 2 = female, 0 = both  sexes combined
##  Type  of  composition:  1 = retained, 2 = discard,  0 = total composition
##  Maturity  state:  1 = immature, 2 = mature, 0 = both  states  combined
##  Shell condition:  1 = new shell,  2 = old shell,  0 = both  shell types combined
##  ————————————————————————————————————————————————————————————————————————————————————  ##
##length  proportions of  retained  males
##Year, Seas, Fleet,  Sex,  Type, Shell,  Maturity, Nsamp,  DataVec
  2000  1 1 1 1 0 0 100  0.0000  0.0000  0.0000  0.0000  0.0000  0.0000  0.0000  0.0000  0.0001  0.0001  0.0000  0.0001  0.0003  0.0111  0.0931  0.1945  0.2111  0.1822  0.1247  0.1826
##  Growth data (increment)
# nobs_growth
40
##  Note  SM  used  loewss  regression  for males BBRKC data
##  and cubic spine to  interpolate 3 sets  of  female  BBRKC data
# MidPoint Sex Increment CV
  67.5  2 14.766667 0.2
  72.5  2 13.333333 0.2
  77.5  2 11.866667 0.2
  82.5  2 10.233333 0.2
  87.5  2 9         0.2
  92.5  2 7.866667  0.2
  97.5  2 7.066667  0.2
  102.5 2 6.433333  0.2
  107.5 2 5.933333  0.2
  112.5 2 5.433333  0.2
  117.5 2 4.933333  0.2
  122.5 2 4.433333  0.2
  127.5 2 3.933333  0.2
  132.5 2 3.466667  0.2
  137.5 2 3.033333  0.2
  142.5 2 2.533333  0.2
  147.5 2 2.033333  0.2
  152.5 2 1.533333  0.2
  157.5 2 1.033333  0.2
  162.5 2 0.6       0.2
  67.5  1 16.510674 0.2
  72.5  1 16.454438 0.2
  77.5  1 16.398615 0.2
  82.5  1 16.343118 0.2
  87.5  1 16.287715 0.2
  92.5  1 16.23213  0.2
  97.5  1 16.176368 0.2
  102.5 1 16.123732 0.2
  107.5 1 16.069744 0.2
  112.5 1 16.013906 0.2
  117.5 1 15.957058 0.2
  122.5 1 15.900084 0.2
  127.5 1 15.843143 0.2
  132.5 1 15.786395 0.2
  137.5 1 15.732966 0.2
  142.5 1 15.68064  0.2
  147.5 1 15.628775 0.2
  152.5 1 15.577259 0.2
  157.5 1 15.526092 0.2
  162.5 1 15.475241 0.2
# Use custom growth transition matrix (0=no, 1=yes)
0
# The growth matrix (if not using just fill with zeros)
0 0 0 0 0 0 0 0 0 0 0 0 0 0 0 0 0 0 0 0
0 0 0 0 0 0 0 0 0 0 0 0 0 0 0 0 0 0 0 0
0 0 0 0 0 0 0 0 0 0 0 0 0 0 0 0 0 0 0 0
0 0 0 0 0 0 0 0 0 0 0 0 0 0 0 0 0 0 0 0
0 0 0 0 0 0 0 0 0 0 0 0 0 0 0 0 0 0 0 0
0 0 0 0 0 0 0 0 0 0 0 0 0 0 0 0 0 0 0 0
0 0 0 0 0 0 0 0 0 0 0 0 0 0 0 0 0 0 0 0
0 0 0 0 0 0 0 0 0 0 0 0 0 0 0 0 0 0 0 0
0 0 0 0 0 0 0 0 0 0 0 0 0 0 0 0 0 0 0 0
0 0 0 0 0 0 0 0 0 0 0 0 0 0 0 0 0 0 0 0
0 0 0 0 0 0 0 0 0 0 0 0 0 0 0 0 0 0 0 0
0 0 0 0 0 0 0 0 0 0 0 0 0 0 0 0 0 0 0 0
0 0 0 0 0 0 0 0 0 0 0 0 0 0 0 0 0 0 0 0
0 0 0 0 0 0 0 0 0 0 0 0 0 0 0 0 0 0 0 0
0 0 0 0 0 0 0 0 0 0 0 0 0 0 0 0 0 0 0 0
0 0 0 0 0 0 0 0 0 0 0 0 0 0 0 0 0 0 0 0
0 0 0 0 0 0 0 0 0 0 0 0 0 0 0 0 0 0 0 0
0 0 0 0 0 0 0 0 0 0 0 0 0 0 0 0 0 0 0 0
0 0 0 0 0 0 0 0 0 0 0 0 0 0 0 0 0 0 0 0
0 0 0 0 0 0 0 0 0 0 0 0 0 0 0 0 0 0 0 0
##  eof
9999
