# DATA FOR FALL 2014 ASSESSMENT USING GAEUMAN 3-STAGE CSA MODEL

# Start year
1978

# Number of years
38

# Stage mean weights [First two from new allometry applied to midpoint;
1.65 2.57 4.29
#geomean ratio of retained catch mean weight to legal mean weight
#  1.069
1.0

# DF, GFP, GFT handling mortalities
0.2 0.5 0.8

# Trawl survey data years and year indices
38

1 2 3 4 5 6 7 8 9 10 11 12 13 14 15 16 17 18 19 20 21 22 23 24 25 26 27 28 29 30 31 32 33 34 35 36 37 38

# THESE ARE REVISED TS DATA FROM B. FOY WINTER 2015
# Trawl survey sample size (# male crab >= 90mm CL), stage abundance indices (1000 crab),
# total abundance (1000 crab), CV, total model biomass (1000 lb), CV
157   2213.236   1991.267   1521.417  5725.921    0.411   15063.799  0.394
178   3060.672   2280.962   1807.883  7149.518    0.472   17614.686  0.463
185   2855.590   2562.875   2540.700  7959.164    0.572   22017.210  0.507
140    482.705   1213.498   2263.358  3959.560    0.368   14442.785  0.402
271   1668.713   2431.230   5883.652  9983.595    0.401   35763.269  0.344
231   1061.175   1651.343   3344.976  6057.494    0.332   21239.902  0.298
105    434.563    496.795   1451.879  2383.237    0.175   8975.507   0.179
93     378.667    376.362   1117.038  1872.068    0.216   6857.575   0.210
46     203.415    447.341    374.388  1025.143    0.428   3123.621   0.388
71     324.853    631.446    714.730  1671.030    0.302   5024.155   0.291
81     410.042    815.615    956.848  2182.505    0.285   6962.577   0.252
208   2169.007   1153.835   1785.695  5108.538    0.314   13974.280  0.271
170   1052.505   1031.312   2338.240  4422.057    0.302   14837.410  0.274
197   1147.483   1665.158   2233.179  5045.820    0.259   15318.137  0.248
220   1073.974   1381.761   2290.595  4746.330    0.206   15638.000  0.201
324   1521.091   1827.940   3276.481  6625.513    0.185   21050.765  0.169
211    882.631   1298.458   2256.569  4437.658    0.187   14416.333  0.176
178   1024.932   1187.954   1740.559  3953.445    0.187   12574.276  0.178
285   1237.520   1891.225   3064.331  6193.076    0.263   20746.404  0.241
296   1165.177   2228.021   3788.648  7181.846    0.367   24083.553  0.337
243    659.735   1660.708   2849.293  5169.736    0.373   17585.935  0.355
52     223.110    222.054    557.883  1003.047    0.192   3515.376   0.182
61     281.517    284.922    740.249  1306.688    0.303   4622.645   0.310
91     418.787    501.603    938.334  1858.724    0.243   6242.261   0.245
38     110.517    230.059    639.943   980.520    0.311   3819.731   0.320
65     449.169    280.004    464.909  1194.082    0.399   3453.931   0.336
48     247.092    183.531    562.340   992.963    0.369   3359.559   0.305
42     319.331    310.200    500.942  1130.472    0.403   3620.031   0.371
126    916.711    641.737   1239.882  2798.330    0.339   8584.533   0.334
250   2517.558   2019.884   1192.534  5729.975    0.420   14265.625  0.385
167   1351.675    800.761   1456.516  3608.951    0.289   10261.365  0.284
251   1572.586   2161.295   1410.062  5143.943    0.263   13892.374  0.256
388   3937.464   3252.942   2458.051  9648.457    0.544   24539.450  0.466
318   1800.109   3255.376   3207.075  8262.561    0.587   24099.261  0.558
193    705.425   1969.556   1808.448  4483.430    0.361   13669.154  0.339
74     334.594    451.517    806.921  1593.033    0.215   5043.205   0.217
181    723.026   1627.131   1809.365  4159.522    0.503   13292.165  0.449
153    992.202   1269.443   1978.543  4240.188    0.774   12957.532  0.770

#-------------------------------------------------------------------------

# Pot survey data years and year indices
8

18 21 24 27 30 33 36 38

# Pot survey sample size (# crab >= 90mm CL), stage abundance indices (crab per 1000 pot lifts),
# total abundance (crab per 1000 pot lifts), CV
4624 1919 3198 6925 12042 0.13
4812 964 2763 8804 12531 0.06
3255 1266 1737 5474 8477 0.08
640 112 414 1141 1667 0.15
3319 1086 2721 4836 8643 0.09
3920 1326 3276 5607 10209 0.13
2167  878 1398 3367  5643 0.19
1077  198  682 1924  2805 0.18

# Fishery data years and year indices
26

1 2 3 4 5 6 7 8 9 10 11 12 13 14 15 16 17 18 19 20 21 32 33 34 35 37

# Catch number (1000s), time to midpoint of fishery (yr), pot lifts (1000s), retained weight (1000 lb)
436.126 0.07 43.754 1984.251
052.966 0.06 9.877 210.819
033.162 0.07 1.651  150.232
1045.619 0.05 58.550 4627.761
1935.886 0.07 165.618 8844.789
1931.990 0.12 133.944 9454.323
841.017 0.10 73.320 3764.592
436.021 0.14 46.988 2175.087
219.548 0.14 22.073 1003.162
227.447 0.14 28.230 1039.779
280.401 0.14 21.678 1236.462
247.641 0.14 30.803 1166.258
391.405  0.14 26.264 1725.349
726.519 0.18 37.104 3372.066
545.222  0.14 56.630 2475.916
630.353 0.18 58.647 3003.089
827.015 0.18 60.860 3764.262
666.905  0.18 48.560 3166.093
660.665 0.18 91.085 3078.959
939.822 0.18 81.117 4649.660
635.370 0.18 91.826 2968.573
103.376 0.44 10.697 460.859
298.669 0.44 29.346 1263.982
437.862 0.44 48.554 1881.322
379.386 0.44 37.065 1616.054
69.109  0.44 10.133 308.582

# Observer data years and year indices
14

13 14 15 16 17 18 19 20 21 32 33 34 35 37

# Onboard observer stage counts (actual counts)
17 59 74
451 600 2342
306 430 870
629 470 1142
1393 1285 2057
98 141 424
78 109 302
581 656 1958
255 286 782
2798  6405 10599
5974 14331 25161
7706 17897 33064
8115 18202 30965
930  2254  6722
# total estimated bycatch weight (1000 lb and legal discard rate
 562.132 1171.643  2315.707  2097.616 2669.279  800.525 1165.197 3048.608  1722.038  271.987 671.652  1061.211   964.161  100.275
 0.0     0.0       0.0       0.0      0.0       0.0     0.0      0.0       0.0       0.0   0.0    0.0      0.0    0.0

#--------------------------------------------------
# Groundfish bycatch biomass years and year indices
24

14 15 16 17 18 19 20 21 22 23 24 25 26 27 28 29 30 31 32 33 34 35 36 37

# Trawl and fixed-gear MALE bycatch (not bycatch mort) biomasses (1000 lb)
# (estimated as 0.5* sum of reported weights for areas 521 and 524 before
# 2009 and as 0.5*sum of reported weights for SMBKC stat areas using AKRO data
# from 2009 on)
7.8 0.1
4.4 5.0
3.4 0.0
0.7 0.2
1.4 0.3
0.0 0.1
0.0 0.4
0.0 2.0
0.0 3.0
0.0 0.0
0.0 1.9
1.6 0.9
2.2 2.5
0.2 1.4
0.0 1.3
6.2 3.2
0.1 153.7
0.6 14.6
1.4 16.6
0.8 21.1
0.4 1.3
1.3 0.0
0.4 0.6
0.0 0.3

#----------------------------------------------------

#eof
999



