#Bristol Bay red king crab model
#start year and end year
1975 2013
#number of initial recruitments to be estimated
9
# nlen number of length bins for males and females in the model and length interval
20  16  7 5.0 65.0
#number of years of retained fishery data
35
#years when have fishery data these years are the survey years (fishery year-1)
 1975 1976 1977 1978 1979 1980 1981 1982 1984 1985 1986 1987 1988 1989 1990 1991 1992 1993 1996 1997 1998 1999 2000 2001 2002 2003 2004 2005 2006 2007 2008 2009 2010 2011 2012
#nsamples weight for retained fishery length comps needmatrix each year and new, old shell - last three years
# 400  400  400  400  400  400  400  400  400  400  400  400  400  400  400  400  400  400  400  400  400  400  400  400  400  400  400  400  400  400  400  400  400  400 400  400  400   400  400  400 400
  100  100  100  100  100  100  100  100  100  100  100  100  100  100  100  100  100  100  100  100  100  100  100  100  100  100  100 100  100  100   100  100  100  100 100
#number of years of fishery female discard catch data
21
#years when have fishery female discard data
1990 1991 1992 1993 1996 1997 1998 1999 2000 2001 2002 2003 2004 2005 2006 2007 2008 2009 2010 2011 2012
#nsamples weight for female length comps each year
# 100  100  100  100  100  100  100  100  100  100  100  100  100  100  100 100  100 100 100 100    100
  50   50   50   50   50   50   50   50   50   50   50   50   50  50   50   50   50   50  50  50     50
#number of years of fishery male discard catch data
21
#years when have fishery male discard data
1990 1991 1992 1993 1996 1997 1998 1999 2000 2001 2002 2003 2004 2005 2006 2007 2008 2009 2010 2011 2012
#nsamples weight for male length comps
 100  100  100  100  100  100  100  100  100  100  100  100  100 100  100  100  100  100  100  100   100
#  50   50   50   50   50   50   50   50   50   50   50   50   50  50   50   50   50  50   50   50    50
#number of years of trawl discard length data
36
# years when have trawl bycatch length data
 1976 1977 1978 1979 1980 1981 1982 1983 1984 1985 1986 1987 1988 1989 1990 1991 1992 1994 1995 1996 1997 1998 1999 2000 2001 2002 2003 2004 2005 2006 2007 2008 2009 2010 2011 2012
#sample sizes trawl length data by sex
#100  100  100  100  100  100  100  100  100  100  100  100  100  100  100  100  100  100  100  100  100  100  100  100  100   100  100  100  100  100  100  100 100  100  100  100
#100  100  100  100  100  100  100  100  100  100  100  100  100  100  100  100  100  100  100  100  100  100  100  100  100   100  100  100  100  100  100  100 100  100  100  100
 50   50   50   50   50   50   50   50   50   50   50   50   50   50   50   50   50   50   50   50   50   50   50   50   50    50   50   50   50   50   50   50   50   50   50   50
 50   50   50   50   50   50   50   50   50   50   50   50   50   50   50   50   50   50   50   50   50   50   50   50   50    50   50   50   50   50   50   50   50   50   50   50
#number of years of survey data
39
#years when have survey data
 1975 1976 1977 1978 1979 1980 1981 1982 1983 1984 1985 1986 1987 1988 1989 1990 1991 1992 1993 1994 1995 1996 1997 1998 1999 2000 2001 2002 2003 2004 2005 2006 2007 2008 2009 2010 2011 2012 2013
#number of samples for each length comp by sex
 200  200  200  200  200  200  200  200  200  200  200  200  200  200  200  200  200  200  200  200  200  200  200  200  200  200  200  200  200  200  200 200   200  200  200  200  200  200  200
 200  200  200  200  200  200  200  200  200  200  200  200  200  200  200  200  200  200  200  200  200  200  200  200  200  200  200  200  200  200  200 200   200  200  200  200  200  200  200
#length proportions of survey females (year*width 67.5-162.5)
0.04794 0.05637 0.05349 0.04737 0.05315 0.04089 0.03839 0.03829 0.02918 0.02466 0.01419 0.01357 0.00970 0.00422 0.00251 0.00290 0.00000 0.00000 0.00000 0.00000
0.00314 0.00909 0.03164 0.05820 0.06925 0.05733 0.04751 0.03470 0.02949 0.03341 0.02520 0.02247 0.01075 0.00608 0.00157 0.00316 0.00000 0.00000 0.00000 0.00000
0.00804 0.01125 0.00886 0.02049 0.03418 0.06957 0.08077 0.07150 0.04455 0.04305 0.04026 0.03241 0.01622 0.01069 0.00325 0.00482 0.00000 0.00000 0.00000 0.00000
0.00610 0.01110 0.01869 0.02009 0.02332 0.04188 0.09212 0.12130 0.07873 0.04418 0.02993 0.02690 0.01750 0.00894 0.00452 0.00737 0.00000 0.00000 0.00000 0.00000
0.00977 0.00662 0.00956 0.01785 0.02384 0.02882 0.04911 0.08014 0.09822 0.09677 0.05255 0.02977 0.02428 0.01002 0.00385 0.00593 0.00000 0.00000 0.00000 0.00000
0.00525 0.02235 0.03322 0.02651 0.06050 0.08357 0.04928 0.05453 0.05414 0.04113 0.03032 0.01338 0.01012 0.00594 0.00356 0.00204 0.00000 0.00000 0.00000 0.00000
0.04658 0.02624 0.01850 0.02246 0.03902 0.04351 0.04204 0.04374 0.05554 0.06843 0.06713 0.04068 0.02116 0.01263 0.00301 0.00313 0.00000 0.00000 0.00000 0.00000
0.05357 0.09537 0.06029 0.03784 0.04226 0.04818 0.03978 0.02321 0.01896 0.02571 0.02813 0.02027 0.01141 0.00625 0.00238 0.00086 0.00000 0.00000 0.00000 0.00000
0.01741 0.03830 0.04749 0.06292 0.06466 0.03981 0.03406 0.01518 0.01068 0.00422 0.00904 0.00563 0.00605 0.00222 0.00129 0.00000 0.00000 0.00000 0.00000 0.00000
0.01229 0.05937 0.13213 0.12041 0.06624 0.03177 0.01564 0.00745 0.00409 0.00158 0.00031 0.00044 0.00010 0.00014 0.00002 0.00000 0.00000 0.00000 0.00000 0.00000
0.00086 0.01548 0.03765 0.05212 0.06430 0.05470 0.05188 0.04023 0.01606 0.00681 0.00000 0.00000 0.00149 0.00000 0.00000 0.00000 0.00000 0.00000 0.00000 0.00000
0.01240 0.02250 0.03557 0.02749 0.02557 0.03008 0.03378 0.03852 0.02807 0.01301 0.00731 0.00141 0.00110 0.00000 0.00015 0.00060 0.00000 0.00000 0.00000 0.00000
0.00134 0.01190 0.05103 0.08878 0.07576 0.04632 0.04521 0.05816 0.04150 0.03005 0.01779 0.00818 0.00195 0.00041 0.00000 0.00000 0.00000 0.00000 0.00000 0.00000
0.00059 0.00765 0.00645 0.00618 0.01396 0.06897 0.08893 0.09875 0.07110 0.05875 0.04152 0.01900 0.01015 0.00767 0.00000 0.00000 0.00000 0.00000 0.00000 0.00000
0.00150 0.00000 0.00079 0.00702 0.02735 0.06645 0.05933 0.06563 0.04714 0.03465 0.02852 0.02251 0.00880 0.00581 0.00121 0.00009 0.00000 0.00000 0.00000 0.00000
0.00422 0.00543 0.02453 0.05350 0.05470 0.00740 0.02656 0.05860 0.07694 0.07024 0.06157 0.04369 0.02258 0.00748 0.00385 0.00385 0.00000 0.00000 0.00000 0.00000
0.00406 0.01126 0.01915 0.03128 0.02085 0.03318 0.03417 0.03013 0.03574 0.03273 0.02569 0.04071 0.02533 0.01189 0.00674 0.00263 0.00000 0.00000 0.00000 0.00000
0.00000 0.00534 0.00737 0.01974 0.03642 0.04139 0.06040 0.04356 0.03440 0.02710 0.04092 0.03713 0.02540 0.03030 0.01547 0.01710 0.00000 0.00000 0.00000 0.00000
0.00690 0.00842 0.01843 0.00815 0.01378 0.02339 0.04327 0.05970 0.05581 0.03171 0.02917 0.02579 0.02422 0.04106 0.01810 0.02131 0.00000 0.00000 0.00000 0.00000
0.00000 0.00160 0.00443 0.00296 0.01685 0.00917 0.00936 0.01779 0.03696 0.04092 0.04491 0.02605 0.03207 0.04998 0.03139 0.04083 0.00000 0.00000 0.00000 0.00000
0.02942 0.04821 0.03155 0.01453 0.01391 0.01824 0.01521 0.02318 0.01337 0.02427 0.03861 0.02215 0.02338 0.01930 0.01453 0.02934 0.00000 0.00000 0.00000 0.00000
0.02595 0.02186 0.04362 0.07940 0.07958 0.04357 0.02255 0.02110 0.02491 0.02044 0.01545 0.02900 0.02389 0.01630 0.00871 0.02361 0.00000 0.00000 0.00000 0.00000
0.00043 0.00367 0.00162 0.00201 0.01460 0.07907 0.09694 0.06125 0.02016 0.01343 0.01045 0.01267 0.01342 0.01169 0.00927 0.02251 0.00000 0.00000 0.00000 0.00000
0.01453 0.01965 0.01008 0.00878 0.01107 0.01163 0.03036 0.10423 0.11514 0.05867 0.02989 0.02477 0.02353 0.02321 0.02362 0.03369 0.00000 0.00000 0.00000 0.00000
0.02427 0.01692 0.01252 0.01149 0.00436 0.00548 0.00927 0.01495 0.04973 0.08019 0.05880 0.03720 0.03446 0.01938 0.01297 0.02734 0.00000 0.00000 0.00000 0.00000
0.00205 0.00644 0.01915 0.02889 0.02667 0.01979 0.02204 0.02081 0.03731 0.05797 0.07818 0.06617 0.04878 0.02594 0.01992 0.04701 0.00000 0.00000 0.00000 0.00000
0.00560 0.01683 0.01951 0.01361 0.02585 0.05984 0.07787 0.05792 0.03945 0.03918 0.02890 0.06911 0.05687 0.02621 0.01028 0.02048 0.00000 0.00000 0.00000 0.00000
0.05063 0.07685 0.04852 0.02466 0.02215 0.01761 0.02247 0.05156 0.03967 0.02969 0.01641 0.01891 0.02177 0.02260 0.00746 0.01360 0.00000 0.00000 0.00000 0.00000
0.01765 0.00633 0.01547 0.03393 0.04499 0.04991 0.02591 0.03084 0.03791 0.05709 0.05816 0.03892 0.02395 0.02881 0.02324 0.03818 0.00000 0.00000 0.00000 0.00000
0.03521 0.03938 0.02444 0.01493 0.02365 0.03202 0.04847 0.05039 0.03353 0.02543 0.02486 0.02846 0.02280 0.02048 0.01580 0.02864 0.00000 0.00000 0.00000 0.00000
0.04054 0.05610 0.04573 0.01155 0.00988 0.03360 0.03861 0.05115 0.05695 0.04728 0.03336 0.03732 0.03591 0.02272 0.01648 0.02455 0.00000 0.00000 0.00000 0.00000
0.01430 0.01388 0.01984 0.04254 0.06162 0.04628 0.02510 0.02608 0.04711 0.06565 0.06017 0.04148 0.03254 0.03468 0.01625 0.02037 0.00000 0.00000 0.00000 0.00000
0.00152 0.00228 0.00642 0.00783 0.01548 0.03567 0.05705 0.05493 0.03181 0.05282 0.06346 0.06449 0.04788 0.03537 0.02000 0.03462 0.00000 0.00000 0.00000 0.00000
0.00000 0.00245 0.00495 0.01214 0.01001 0.01549 0.02668 0.05360 0.06953 0.05694 0.06115 0.07728 0.07377 0.04472 0.02689 0.02283 0.00000 0.00000 0.00000 0.00000
0.00046 0.00189 0.00503 0.00550 0.00815 0.01218 0.01961 0.04395 0.06650 0.08654 0.06438 0.05981 0.05173 0.07188 0.05161 0.04921 0.00000 0.00000 0.00000 0.00000
0.00184 0.00058 0.00373 0.00480 0.00685 0.01163 0.02131 0.03537 0.05668 0.08975 0.09785 0.07151 0.04914 0.05066 0.05083 0.05525 0.00000 0.00000 0.00000 0.00000
0.00577 0.00845 0.00920 0.01412 0.02842 0.03104 0.03774 0.04385 0.03266 0.04578 0.06445 0.09525 0.06552 0.05660 0.04369 0.07296 0.00000 0.00000 0.00000 0.00000
0.02929 0.01806 0.01913 0.02498 0.02809 0.04557 0.03426 0.02170 0.03396 0.03144 0.03901 0.04275 0.07130 0.05220 0.04654 0.06285 0.00000 0.00000 0.00000 0.00000
0.00081 0.00269 0.00929 0.01117 0.00669 0.01248 0.02018 0.03841 0.04287 0.04496 0.03041 0.03016 0.04553 0.04914 0.04049 0.07861 0.00000 0.00000 0.00000 0.00000
#length proportions of survey newshell males (year*width 67.5-162.5)
0.03434 0.06122 0.03634 0.03703 0.03629 0.02685 0.02747 0.02044 0.02199 0.02522 0.02321 0.02321 0.02484 0.02294 0.01909 0.01970 0.01621 0.00957 0.00661 0.01009
0.00233 0.01279 0.02938 0.05079 0.06105 0.04581 0.04776 0.03559 0.03198 0.02831 0.02983 0.02996 0.02335 0.02353 0.02059 0.01457 0.01294 0.00852 0.00591 0.00568
0.00700 0.00581 0.00736 0.01126 0.01904 0.03637 0.04288 0.04218 0.03903 0.04171 0.03796 0.03675 0.02715 0.02900 0.02804 0.02200 0.01425 0.01017 0.00672 0.00898
0.00415 0.01140 0.01313 0.02219 0.01618 0.01530 0.01530 0.02584 0.02749 0.02795 0.02832 0.02739 0.02477 0.02940 0.02988 0.02504 0.02385 0.01579 0.00971 0.00755
0.00802 0.00801 0.01060 0.01600 0.01393 0.01593 0.01245 0.01398 0.01355 0.01781 0.02472 0.03402 0.03480 0.03791 0.03209 0.03341 0.02895 0.02385 0.01447 0.02129
0.00716 0.01455 0.02877 0.03221 0.03217 0.03213 0.02660 0.02661 0.02310 0.01987 0.02236 0.01648 0.02312 0.02561 0.02527 0.03058 0.02569 0.02455 0.02171 0.02759
0.03279 0.01961 0.01679 0.02522 0.03729 0.03278 0.03135 0.02921 0.02760 0.02967 0.01908 0.01636 0.01062 0.00938 0.00747 0.00655 0.00402 0.00357 0.00143 0.00509
0.07924 0.08112 0.06821 0.02812 0.02304 0.03021 0.03407 0.02807 0.01868 0.01581 0.01810 0.01276 0.00951 0.00694 0.00436 0.00340 0.00225 0.00053 0.00041 0.00082
0.03252 0.03556 0.04970 0.06649 0.07859 0.07774 0.05655 0.04214 0.03545 0.03417 0.02308 0.02137 0.01351 0.00898 0.00777 0.00183 0.00084 0.00000 0.00000 0.00000
0.01493 0.06250 0.13306 0.14261 0.06919 0.03343 0.01442 0.01346 0.01330 0.00938 0.00949 0.00565 0.00568 0.00336 0.00416 0.00175 0.00077 0.00041 0.00002 0.00016
0.00261 0.01279 0.02442 0.03954 0.05890 0.05817 0.04235 0.04026 0.05909 0.06049 0.05132 0.05049 0.04397 0.04183 0.02443 0.02289 0.00176 0.00319 0.00415 0.00000
0.01118 0.01789 0.02480 0.02010 0.02318 0.01475 0.03917 0.04000 0.05364 0.04764 0.06284 0.06696 0.05865 0.06369 0.04878 0.03519 0.02325 0.00733 0.00143 0.00072
0.00151 0.00715 0.03314 0.05231 0.04666 0.03193 0.02963 0.02928 0.03029 0.02445 0.03113 0.02335 0.03004 0.02375 0.02059 0.01754 0.01411 0.01331 0.00347 0.00237
0.00132 0.00098 0.00662 0.01067 0.01094 0.02157 0.04660 0.04336 0.03930 0.03768 0.02569 0.02766 0.01466 0.02863 0.02358 0.03419 0.02537 0.01889 0.00945 0.00792
0.00151 0.00009 0.00000 0.00228 0.01414 0.03200 0.01664 0.03469 0.02244 0.03796 0.03730 0.03601 0.04465 0.05129 0.03340 0.03221 0.02538 0.02108 0.01328 0.01964
0.00132 0.01104 0.01571 0.03616 0.03285 0.01009 0.00751 0.00623 0.01313 0.02143 0.01949 0.02053 0.02075 0.02130 0.01671 0.02223 0.01615 0.01075 0.01073 0.01925
0.00103 0.00876 0.02130 0.01581 0.02487 0.01952 0.01114 0.02291 0.02011 0.01171 0.00363 0.01729 0.02907 0.03294 0.04485 0.05331 0.05150 0.04094 0.03382 0.06686
0.00100 0.00000 0.00202 0.01106 0.02520 0.03333 0.05097 0.04886 0.03395 0.03348 0.02591 0.03451 0.02322 0.01460 0.01108 0.01594 0.01162 0.01399 0.01176 0.02854
0.00220 0.01157 0.01366 0.00959 0.00851 0.01435 0.01128 0.01950 0.01990 0.03303 0.02586 0.04309 0.02241 0.01755 0.01023 0.00870 0.00775 0.00943 0.00611 0.00833
0.00162 0.00000 0.00309 0.02093 0.01757 0.01239 0.01098 0.01082 0.01688 0.03227 0.03069 0.02792 0.03848 0.05112 0.02013 0.02458 0.02607 0.01992 0.01064 0.01519
0.02826 0.06829 0.05574 0.02203 0.01101 0.01592 0.02133 0.02355 0.02568 0.02873 0.02066 0.02201 0.02408 0.02322 0.03500 0.02166 0.01749 0.01473 0.00622 0.01125
0.02719 0.01292 0.02918 0.05291 0.06042 0.05874 0.02691 0.01981 0.01098 0.01462 0.01337 0.01035 0.00912 0.00319 0.00622 0.00716 0.00659 0.00938 0.01110 0.01276
0.00000 0.00357 0.00221 0.00519 0.01270 0.05636 0.09427 0.10657 0.09022 0.05071 0.02796 0.01360 0.01212 0.00935 0.01131 0.01348 0.01555 0.01030 0.00979 0.02598
0.02085 0.01739 0.01031 0.01272 0.01200 0.01014 0.01345 0.01472 0.02013 0.04373 0.04264 0.03912 0.03466 0.01846 0.00647 0.00737 0.00442 0.00290 0.00124 0.00345
0.05823 0.02440 0.01335 0.01037 0.01195 0.01036 0.00963 0.01225 0.00326 0.00663 0.01250 0.02199 0.04145 0.03944 0.05431 0.05610 0.02913 0.01963 0.01072 0.01135
0.00175 0.00473 0.01942 0.03944 0.03091 0.01990 0.02269 0.01624 0.01886 0.01402 0.01098 0.02075 0.01296 0.02071 0.01383 0.01108 0.01146 0.00854 0.00426 0.00669
0.00689 0.00496 0.01061 0.01490 0.01560 0.04136 0.03572 0.05159 0.03394 0.01999 0.02186 0.01320 0.00984 0.01223 0.00775 0.00551 0.01066 0.01006 0.01014 0.01240
0.05335 0.06381 0.04360 0.02682 0.01193 0.00793 0.00606 0.00736 0.01535 0.01781 0.02124 0.02041 0.01045 0.00875 0.00999 0.00631 0.00525 0.00883 0.00623 0.00503
0.01604 0.00740 0.01540 0.02495 0.04249 0.03420 0.03247 0.01800 0.00959 0.01396 0.01125 0.02279 0.01875 0.02908 0.02324 0.02414 0.01482 0.00971 0.00796 0.02164
0.04684 0.03651 0.03383 0.02365 0.02226 0.01926 0.02833 0.04015 0.03578 0.03520 0.02640 0.02019 0.01236 0.01273 0.01280 0.01815 0.01566 0.02153 0.01193 0.02500
0.03525 0.05861 0.04185 0.01599 0.00976 0.02277 0.02344 0.02146 0.01842 0.01622 0.02073 0.02207 0.01265 0.01714 0.00954 0.01168 0.00648 0.00646 0.00805 0.01227
0.01326 0.01971 0.01654 0.02757 0.02830 0.03538 0.01853 0.02073 0.01176 0.01699 0.01049 0.01205 0.01883 0.01861 0.03000 0.02610 0.02062 0.01737 0.01065 0.01296
0.00172 0.00247 0.00531 0.00835 0.01962 0.02708 0.03082 0.04020 0.03327 0.02418 0.01566 0.01803 0.01519 0.02267 0.01749 0.01810 0.01796 0.01364 0.01540 0.01698
0.00000 0.00073 0.00345 0.00548 0.01322 0.01571 0.01702 0.02109 0.03182 0.04250 0.03918 0.02658 0.02911 0.02090 0.01625 0.01493 0.01720 0.01318 0.01005 0.02475
0.00095 0.00048 0.00369 0.00525 0.00531 0.01037 0.00964 0.02253 0.03194 0.02620 0.02364 0.02484 0.02847 0.04127 0.02432 0.02662 0.01441 0.01035 0.00778 0.00672
0.00000 0.00334 0.00802 0.00943 0.00774 0.00538 0.01608 0.01344 0.01296 0.01527 0.02418 0.03052 0.02204 0.02231 0.02725 0.02572 0.03164 0.01896 0.01050 0.00953
0.00364 0.00437 0.01248 0.02043 0.01567 0.01319 0.01677 0.01505 0.01821 0.01196 0.01612 0.01640 0.01360 0.01991 0.01734 0.01618 0.01909 0.01326 0.00577 0.00813
0.00248 0.00399 0.01204 0.01595 0.01282 0.02273 0.03366 0.02477 0.01745 0.01745 0.01463 0.01735 0.01846 0.01961 0.01584 0.01521 0.01483 0.01653 0.00796 0.02740
0.00082 0.00253 0.01232 0.01451 0.01006 0.01741 0.01341 0.02352 0.02798 0.02607 0.03135 0.02742 0.02114 0.01964 0.01842 0.01501 0.01278 0.01693 0.02110 0.03167
#length proportions of survey oldshell males (year*width 67.5-162.5)
0.00000 0.00011 0.00000 0.00021 0.00000 0.00011 0.00000 0.00085 0.00064 0.00148 0.00085 0.00137 0.00165 0.00136 0.00194 0.00357 0.00184 0.00197 0.00183 0.00075
0.00000 0.00000 0.00000 0.00004 0.00004 0.00000 0.00000 0.00002 0.00052 0.00042 0.00092 0.00364 0.00271 0.00516 0.00527 0.00397 0.00426 0.00495 0.00293 0.00151
0.00000 0.00000 0.00000 0.00000 0.00000 0.00041 0.00064 0.00018 0.00066 0.00080 0.00115 0.00233 0.00236 0.00208 0.00300 0.00302 0.00182 0.00339 0.00160 0.00302
0.00014 0.00055 0.00048 0.00182 0.00106 0.00376 0.00253 0.00205 0.00207 0.00181 0.00171 0.00297 0.00420 0.00726 0.00476 0.00321 0.00216 0.00149 0.00113 0.00156
0.00015 0.00093 0.00064 0.00022 0.00073 0.00111 0.00024 0.00039 0.00039 0.00085 0.00102 0.00199 0.00179 0.00376 0.00427 0.00378 0.00523 0.00440 0.00132 0.00390
0.00000 0.00000 0.00000 0.00000 0.00000 0.00043 0.00021 0.00000 0.00000 0.00016 0.00038 0.00046 0.00098 0.00118 0.00195 0.00266 0.00171 0.00292 0.00105 0.00394
0.00016 0.00000 0.00061 0.00000 0.00100 0.00073 0.00059 0.00247 0.00146 0.00418 0.00419 0.00536 0.00795 0.00898 0.00711 0.00801 0.00661 0.00667 0.00476 0.00950
0.00000 0.00000 0.00000 0.00055 0.00095 0.00079 0.00121 0.00065 0.00105 0.00129 0.00173 0.00135 0.00355 0.00097 0.00222 0.00093 0.00169 0.00000 0.00000 0.00094
0.00000 0.00000 0.00000 0.00000 0.00146 0.00051 0.00342 0.00467 0.00427 0.00572 0.00909 0.00952 0.00550 0.00294 0.00290 0.00185 0.00166 0.00123 0.00000 0.00000
0.00000 0.00012 0.00014 0.00003 0.00017 0.00004 0.00044 0.00027 0.00024 0.00267 0.00045 0.00024 0.00082 0.00085 0.00249 0.00063 0.00002 0.00051 0.00000 0.00013
0.00000 0.00000 0.00000 0.00000 0.00000 0.00000 0.00000 0.00000 0.00106 0.00090 0.00000 0.00182 0.00573 0.00000 0.00351 0.00085 0.00000 0.00191 0.00000 0.00000
0.00000 0.00000 0.00000 0.00000 0.00000 0.00088 0.00162 0.00000 0.00224 0.00088 0.00462 0.00643 0.01135 0.01506 0.00757 0.00329 0.00420 0.00000 0.00150 0.00160
0.00000 0.00000 0.00000 0.00000 0.00039 0.00039 0.00000 0.00041 0.00082 0.00119 0.00226 0.00360 0.00689 0.01094 0.00869 0.01119 0.00436 0.00251 0.00038 0.00161
0.00000 0.00000 0.00000 0.00000 0.00204 0.00000 0.00000 0.00000 0.00000 0.00000 0.00080 0.00287 0.00568 0.00854 0.00950 0.01506 0.01149 0.00791 0.00000 0.00135
0.00000 0.00000 0.00081 0.00000 0.00000 0.00000 0.00000 0.00009 0.00146 0.00516 0.00150 0.00074 0.00748 0.00942 0.02160 0.03086 0.02302 0.02473 0.01384 0.00653
0.00000 0.00000 0.00000 0.00000 0.00072 0.00000 0.00072 0.00071 0.00255 0.00453 0.00316 0.00923 0.01085 0.01496 0.01888 0.01774 0.01330 0.02178 0.00869 0.01368
0.00000 0.00000 0.00058 0.00059 0.00112 0.00170 0.00230 0.00390 0.00156 0.00516 0.00215 0.00336 0.00581 0.00497 0.01474 0.01452 0.01304 0.00898 0.00688 0.01173
0.00000 0.00000 0.00000 0.00165 0.00000 0.00217 0.00423 0.00391 0.00423 0.00645 0.00318 0.00330 0.01161 0.01343 0.01228 0.00739 0.01026 0.01666 0.00509 0.02109
0.00000 0.00000 0.00073 0.00145 0.00075 0.00215 0.00364 0.00447 0.01201 0.01092 0.02115 0.02140 0.02781 0.02451 0.02350 0.02050 0.02340 0.01980 0.01693 0.03262
0.00000 0.00000 0.00000 0.00277 0.00591 0.00277 0.00138 0.00651 0.00443 0.00310 0.01053 0.01238 0.02425 0.03959 0.02727 0.02154 0.02073 0.01281 0.01230 0.03521
0.00000 0.00000 0.00000 0.00000 0.00000 0.00099 0.00086 0.00198 0.00180 0.00173 0.00560 0.00478 0.01026 0.01699 0.01402 0.02162 0.01481 0.00904 0.00454 0.01490
0.00062 0.00062 0.00062 0.00000 0.00274 0.00064 0.00065 0.00268 0.00072 0.00324 0.00066 0.00466 0.00482 0.00979 0.01555 0.00931 0.01244 0.00776 0.00717 0.01245
0.00000 0.00000 0.00000 0.00000 0.00000 0.00000 0.00000 0.00041 0.00075 0.00083 0.00216 0.00257 0.00276 0.00386 0.00289 0.00335 0.00782 0.00651 0.00752 0.01417
0.00000 0.00000 0.00000 0.00000 0.00000 0.00000 0.00000 0.00217 0.00250 0.00293 0.00589 0.01321 0.01047 0.01061 0.01185 0.00788 0.01513 0.01058 0.00671 0.02105
0.00000 0.00000 0.00000 0.00000 0.00000 0.00063 0.00250 0.00253 0.00142 0.00657 0.00563 0.00129 0.01053 0.01414 0.01567 0.01261 0.01433 0.01063 0.01132 0.01384
0.00000 0.00000 0.00000 0.00000 0.00000 0.00000 0.00000 0.00000 0.00112 0.00061 0.00239 0.00875 0.01634 0.02805 0.02763 0.02476 0.02268 0.01429 0.00419 0.01288
0.00000 0.00000 0.00000 0.00000 0.00000 0.00073 0.00143 0.00075 0.00067 0.00000 0.00347 0.00344 0.00412 0.00794 0.00542 0.00565 0.01123 0.00906 0.00907 0.02029
0.00000 0.00000 0.00000 0.00041 0.00000 0.00114 0.00154 0.00326 0.00757 0.00880 0.01350 0.00862 0.00980 0.01641 0.00701 0.01303 0.01423 0.01333 0.01792 0.02237
0.00000 0.00000 0.00000 0.00040 0.00000 0.00037 0.00077 0.00039 0.00188 0.00155 0.00156 0.00360 0.00356 0.00620 0.00894 0.00726 0.00734 0.00652 0.00595 0.01452
0.00000 0.00000 0.00000 0.00000 0.00000 0.00062 0.00051 0.00014 0.00032 0.00034 0.00000 0.00034 0.00007 0.00044 0.00370 0.00377 0.00384 0.00503 0.00370 0.01012
0.00000 0.00000 0.00000 0.00000 0.00000 0.00000 0.00000 0.00000 0.00000 0.00091 0.00113 0.00119 0.00323 0.00177 0.00295 0.00415 0.00385 0.00899 0.00632 0.01294
0.00000 0.00000 0.00071 0.00000 0.00073 0.00144 0.00241 0.00000 0.00110 0.00175 0.00110 0.00076 0.00472 0.00185 0.00289 0.00183 0.00644 0.00254 0.00376 0.01160
0.00000 0.00000 0.00000 0.00000 0.00000 0.00000 0.00368 0.00338 0.00525 0.00454 0.00306 0.00524 0.00834 0.00877 0.00976 0.01061 0.00970 0.01253 0.00747 0.01194
0.00000 0.00000 0.00000 0.00070 0.00035 0.00141 0.00070 0.00072 0.00176 0.00000 0.00211 0.00330 0.00575 0.00797 0.00643 0.00606 0.00486 0.00832 0.01017 0.01782
0.00000 0.00000 0.00000 0.00000 0.00000 0.00000 0.00000 0.00000 0.00101 0.00387 0.00787 0.00794 0.00779 0.00659 0.00690 0.00627 0.00538 0.00595 0.00705 0.01016
0.00000 0.00000 0.00000 0.00000 0.00000 0.00000 0.00000 0.00000 0.00000 0.00000 0.00279 0.00578 0.00816 0.01022 0.00947 0.00903 0.01066 0.00728 0.00404 0.01046
0.00000 0.00000 0.00000 0.00000 0.00119 0.00061 0.00000 0.00000 0.00000 0.00124 0.00193 0.00386 0.00252 0.00961 0.01011 0.00955 0.00507 0.00716 0.00577 0.00833
0.00000 0.00000 0.00000 0.00000 0.00000 0.00000 0.00000 0.00000 0.00000 0.00000 0.00071 0.00222 0.00326 0.00687 0.00761 0.00576 0.00835 0.01162 0.00524 0.01607
0.00000 0.00000 0.00000 0.00000 0.00000 0.00000 0.00000 0.00000 0.00000 0.00000 0.00091 0.00740 0.00914 0.01228 0.01594 0.01743 0.02119 0.02615 0.01835 0.04324
#length proportions of retained males (year*width 67.5-162.5)
 0.0000 0.0000 0.0000 0.0000 0.0000 0.0000 0.0000 0.0000 0.0000 0.0000 0.0000 0.0000 0.0071 0.0741 0.1721 0.2239 0.2122 0.1464 0.0858 0.0785
 0.0000 0.0000 0.0000 0.0000 0.0000 0.0000 0.0000 0.0000 0.0000 0.0000 0.0000 0.0000 0.0016 0.0290 0.1418 0.2316 0.2199 0.1635 0.1071 0.1055
 0.0000 0.0000 0.0000 0.0000 0.0000 0.0000 0.0000 0.0000 0.0000 0.0000 0.0000 0.0000 0.0017 0.0192 0.1382 0.2442 0.2226 0.1605 0.1040 0.1096
 0.0000 0.0000 0.0000 0.0000 0.0000 0.0000 0.0000 0.0000 0.0000 0.0000 0.0000 0.0000 0.0012 0.0209 0.1441 0.2588 0.2401 0.1673 0.0966 0.0711
 0.0000 0.0000 0.0000 0.0000 0.0000 0.0000 0.0000 0.0000 0.0000 0.0000 0.0000 0.0000 0.0013 0.0119 0.0747 0.1649 0.1998 0.2004 0.1556 0.1914
 0.0000 0.0000 0.0000 0.0000 0.0000 0.0000 0.0000 0.0000 0.0000 0.0000 0.0000 0.0000 0.0008 0.0138 0.0919 0.1771 0.1950 0.1792 0.1404 0.2019
 0.0000 0.0000 0.0000 0.0000 0.0000 0.0000 0.0000 0.0000 0.0000 0.0000 0.0000 0.0000 0.0006 0.0225 0.1164 0.1743 0.1711 0.1584 0.1284 0.2283
 0.0000 0.0000 0.0000 0.0000 0.0000 0.0000 0.0000 0.0000 0.0000 0.0000 0.0000 0.0000 0.0000 0.0544 0.2576 0.2802 0.1667 0.0837 0.0508 0.1067
 0.0000 0.0000 0.0000 0.0000 0.0000 0.0000 0.0000 0.0000 0.0000 0.0000 0.0000 0.0003 0.0023 0.0654 0.3110 0.3135 0.1763 0.0846 0.0321 0.0145
 0.0000 0.0000 0.0000 0.0000 0.0000 0.0000 0.0000 0.0000 0.0000 0.0000 0.0000 0.0005 0.0044 0.0790 0.2869 0.3098 0.1898 0.0860 0.0306 0.0129
 0.0000 0.0000 0.0000 0.0000 0.0000 0.0000 0.0000 0.0000 0.0000 0.0000 0.0000 0.0000 0.0016 0.0531 0.2613 0.3289 0.2084 0.0978 0.0352 0.0137
 0.0000 0.0000 0.0000 0.0000 0.0000 0.0000 0.0000 0.0000 0.0000 0.0000 0.0000 0.0000 0.0013 0.0284 0.1895 0.3045 0.2522 0.1421 0.0565 0.0255
 0.0000 0.0000 0.0000 0.0000 0.0000 0.0000 0.0000 0.0000 0.0000 0.0000 0.0000 0.0000 0.0000 0.0202 0.1294 0.2646 0.2471 0.1876 0.1033 0.0477
 0.0000 0.0000 0.0000 0.0000 0.0000 0.0000 0.0000 0.0000 0.0000 0.0000 0.0000 0.0000 0.0005 0.0187 0.1211 0.2209 0.2190 0.1908 0.1197 0.1094
 0.0000 0.0000 0.0000 0.0000 0.0000 0.0000 0.0000 0.0000 0.0000 0.0000 0.0000 0.0003 0.0000 0.0146 0.0887 0.1801 0.1707 0.1728 0.1431 0.2297
 0.0000 0.0000 0.0000 0.0000 0.0000 0.0000 0.0000 0.0000 0.0000 0.0000 0.0000 0.0001 0.0005 0.0141 0.0848 0.1651 0.1790 0.1739 0.1432 0.2392
 0.0000 0.0000 0.0000 0.0000 0.0000 0.0000 0.0000 0.0000 0.0000 0.0000 0.0003 0.0002 0.0005 0.0095 0.0638 0.1317 0.1673 0.1747 0.1636 0.2886
 0.0000 0.0000 0.0000 0.0000 0.0000 0.0000 0.0000 0.0000 0.0000 0.0000 0.0000 0.0000 0.0014 0.0138 0.0940 0.1789 0.1739 0.1596 0.1331 0.2453
 0.0000 0.0000 0.0000 0.0000 0.0000 0.0000 0.0000 0.0000 0.0000 0.0000 0.0000 0.0006 0.0006 0.0129 0.0779 0.1407 0.1620 0.1771 0.1671 0.2612
 0.0000 0.0000 0.0000 0.0000 0.0000 0.0000 0.0000 0.0000 0.0000 0.0000 0.0000 0.0004 0.0003 0.0138 0.0899 0.1486 0.1603 0.1699 0.1588 0.2580
 0.0000 0.0000 0.0000 0.0000 0.0000 0.0000 0.0001 0.0001 0.0001 0.0001 0.0004 0.0002 0.0008 0.0225 0.1187 0.1596 0.1490 0.1432 0.1394 0.2660
 0.0000 0.0000 0.0000 0.0000 0.0000 0.0000 0.0000 0.0000 0.0000 0.0000 0.0001 0.0000 0.0001 0.0147 0.1313 0.2575 0.2292 0.1624 0.0961 0.1087
 0.0000 0.0000 0.0000 0.0000 0.0000 0.0000 0.0000 0.0000 0.0001 0.0001 0.0000 0.0001 0.0003 0.0111 0.0931 0.1945 0.2111 0.1822 0.1247 0.1826
 0.0000 0.0000 0.0000 0.0000 0.0000 0.0000 0.0000 0.0001 0.0001 0.0001 0.0002 0.0002 0.0012 0.0181 0.0836 0.1681 0.1986 0.1953 0.1506 0.1838
 0.0000 0.0000 0.0000 0.0000 0.0000 0.0000 0.0001 0.0000 0.0001 0.0001 0.0001 0.0000 0.0002 0.0151 0.1080 0.1884 0.1915 0.1683 0.1334 0.1948
 0.0000 0.0000 0.0000 0.0000 0.0000 0.0000 0.0000 0.0000 0.0000 0.0001 0.0001 0.0002 0.0009 0.0243 0.1464 0.2320 0.1871 0.1497 0.0994 0.1597
 0.0000 0.0000 0.0000 0.0000 0.0000 0.0000 0.0000 0.0000 0.0000 0.0000 0.0000 0.0000 0.0002 0.0064 0.0514 0.1302 0.1702 0.1971 0.1632 0.2812
 0.0000 0.0000 0.0000 0.0000 0.0000 0.0000 0.0001 0.0000 0.0000 0.0000 0.0001 0.0001 0.0008 0.0150 0.0859 0.1543 0.1661 0.1783 0.1516 0.2475
 0.0000 0.0000 0.0000 0.0000 0.0000 0.0000 0.0000 0.0000 0.0000 0.0000 0.0001 0.0001 0.0004 0.0102 0.0739 0.1905 0.2203 0.1887 0.1370 0.1787
 0.0000 0.0000 0.0000 0.0000 0.0000 0.0000 0.0000 0.0000 0.0000 0.0000 0.0000 0.0002 0.0003 0.0067 0.0871 0.1833 0.1934 0.1846 0.1472 0.1973
 0.0000 0.0000 0.0000 0.0000 0.0000 0.0000 0.0000 0.0000 0.0000 0.0000 0.0000 0.0001 0.0002 0.0100 0.0746 0.1457 0.1619 0.1790 0.1625 0.2659
 0.0000 0.0000 0.0000 0.0000 0.0000 0.0000 0.0000 0.0000 0.0000 0.0000 0.0000 0.0000 0.0002 0.0108 0.1152 0.2215 0.1968 0.1588 0.1084 0.1882
 0.0000 0.0000 0.0000 0.0000 0.0000 0.0000 0.0000 0.0000 0.0000 0.0000 0.0000 0.0000 0.0003 0.0091 0.0986 0.2244 0.2238 0.1861 0.1144 0.1433
 0.0000 0.0000 0.0000 0.0000 0.0000 0.0000 0.0000 0.0000 0.0000 0.0000 0.0003 0.0001 0.0003 0.0114 0.1180 0.2436 0.2292 0.1725 0.1077 0.1169
 0.0000 0.0000 0.0000 0.0000 0.0000 0.0000 0.0000 0.0000 0.0001 0.0000 0.0001 0.0000 0.0000 0.0044 0.0499 0.1249 0.1730 0.1886 0.1654 0.2937
#length proportions of pot discarded females (year*width 67.5-162.5)
 0.0000 0.0014 0.0029 0.0029 0.0057 0.0072 0.0143 0.0672 0.1016 0.1731 0.1688 0.2132 0.1359 0.0715 0.0243 0.0100 0.0000 0.0000 0.0000 0.0000
 0.0054 0.0239 0.0612 0.0957 0.1330 0.1596 0.1223 0.0718 0.0691 0.0559 0.0691 0.0798 0.0346 0.0106 0.0053 0.0027 0.0000 0.0000 0.0000 0.0000
 0.0008 0.0013 0.0029 0.0176 0.0799 0.1757 0.1941 0.1694 0.0958 0.0816 0.0577 0.0406 0.0406 0.0259 0.0117 0.0046 0.0000 0.0000 0.0000 0.0000
 0.0015 0.0024 0.0044 0.0059 0.0130 0.0326 0.1011 0.1597 0.1444 0.1137 0.0905 0.0853 0.0835 0.0740 0.0434 0.0446 0.0000 0.0000 0.0000 0.0000
 0.0000 0.0000 0.0000 0.0909 0.6364 0.2727 0.0000 0.0000 0.0000 0.0000 0.0000 0.0000 0.0000 0.0000 0.0000 0.0000 0.0000 0.0000 0.0000 0.0000
 0.0000 0.0000 0.0011 0.0011 0.0099 0.0265 0.0364 0.0464 0.0695 0.1391 0.1667 0.1435 0.1170 0.1082 0.0607 0.0740 0.0000 0.0000 0.0000 0.0000
 0.0002 0.0004 0.0010 0.0026 0.0064 0.0180 0.0570 0.1813 0.2307 0.1527 0.0828 0.0855 0.0578 0.0514 0.0337 0.0386 0.0000 0.0000 0.0000 0.0000
 0.0000 0.0000 0.0000 0.0278 0.0278 0.0278 0.0556 0.0000 0.0000 0.1111 0.1389 0.0833 0.1111 0.1111 0.0833 0.2222 0.0000 0.0000 0.0000 0.0000
 0.0000 0.0175 0.1036 0.2234 0.2093 0.1319 0.0774 0.0323 0.0209 0.0316 0.0451 0.0518 0.0229 0.0141 0.0047 0.0135 0.0000 0.0000 0.0000 0.0000
 0.0027 0.0050 0.0151 0.0330 0.0588 0.0866 0.0970 0.0866 0.0575 0.0525 0.0874 0.1392 0.1421 0.0649 0.0291 0.0426 0.0000 0.0000 0.0000 0.0000
 0.0258 0.1194 0.1452 0.1548 0.1161 0.0645 0.0258 0.0226 0.0548 0.0419 0.0355 0.0258 0.0323 0.0355 0.0323 0.0678 0.0000 0.0000 0.0000 0.0000
 0.0141 0.0187 0.0255 0.0719 0.1116 0.1157 0.0743 0.0476 0.0661 0.0902 0.1012 0.0628 0.0497 0.0504 0.0460 0.0540 0.0000 0.0000 0.0000 0.0000
 0.0005 0.0075 0.0306 0.0596 0.0754 0.0900 0.1425 0.1333 0.0883 0.0484 0.0574 0.0584 0.0511 0.0394 0.0389 0.0788 0.0000 0.0000 0.0000 0.0000
 0.0004 0.0013 0.0022 0.0050 0.0146 0.0499 0.0788 0.0931 0.1233 0.1211 0.0871 0.1021 0.0958 0.0885 0.0519 0.0848 0.0000 0.0000 0.0000 0.0000
 0.0003 0.0044 0.0248 0.1218 0.1937 0.1603 0.0720 0.0558 0.0722 0.0778 0.0614 0.0401 0.0340 0.0282 0.0199 0.0333 0.0000 0.0000 0.0000 0.0000
 0.0030 0.0126 0.0214 0.0223 0.0436 0.0854 0.1105 0.0828 0.0558 0.0744 0.1020 0.1165 0.0954 0.0684 0.0444 0.0614 0.0000 0.0000 0.0000 0.0000
 0.0004 0.0018 0.0097 0.0364 0.0768 0.0661 0.0469 0.0773 0.1070 0.0868 0.0954 0.1265 0.1257 0.0672 0.0392 0.0369 0.0000 0.0000 0.0000 0.0000
 0.0037 0.0080 0.0100 0.0144 0.0164 0.0277 0.0647 0.0863 0.0803 0.0913 0.0858 0.0900 0.1144 0.1308 0.0880 0.0881 0.0000 0.0000 0.0000 0.0000
 0.0037 0.0051 0.0051 0.0199 0.0276 0.0290 0.0271 0.0443 0.0882 0.1138 0.1322 0.1427 0.1007 0.0915 0.0879 0.0813 0.0000 0.0000 0.0000 0.0000
 0.0132 0.0373 0.0653 0.1089 0.0814 0.0734 0.0619 0.0436 0.0281 0.0373 0.0717 0.0896 0.0748 0.0587 0.0610 0.0938 0.0000 0.0000 0.0000 0.0000
 0.0089 0.0107 0.0125 0.0339 0.0606 0.1159 0.0945 0.0392 0.0178 0.0125 0.0410 0.0392 0.1658 0.1515 0.1105 0.0856 0.0000 0.0000 0.0000 0.0000
#length proportions of pot discarded males (year*width 67.5-162.5)
 0.0011 0.0000 0.0011 0.0080 0.0046 0.0126 0.0069 0.0378 0.0504 0.0767 0.1226 0.1523 0.1867 0.2440 0.0859 0.0092 0.0000 0.0000 0.0000 0.0000
 0.0033 0.0101 0.0197 0.0214 0.0242 0.0394 0.0326 0.0630 0.0624 0.0692 0.0641 0.1125 0.1586 0.2154 0.0939 0.0101 0.0000 0.0000 0.0000 0.0000
 0.0000 0.0009 0.0012 0.0111 0.0222 0.0549 0.0869 0.1143 0.1183 0.1230 0.1180 0.1251 0.1112 0.0807 0.0293 0.0028 0.0000 0.0000 0.0000 0.0000
 0.0019 0.0045 0.0057 0.0050 0.0062 0.0122 0.0312 0.0571 0.0778 0.1080 0.1334 0.1544 0.1518 0.1705 0.0747 0.0055 0.0000 0.0000 0.0000 0.0000
 0.0000 0.0000 0.0000 0.0131 0.0524 0.0830 0.0742 0.0306 0.0480 0.0699 0.0611 0.1004 0.1485 0.2009 0.1048 0.0131 0.0000 0.0000 0.0000 0.0000
 0.0000 0.0002 0.0005 0.0007 0.0015 0.0197 0.0553 0.1090 0.1268 0.1304 0.1031 0.1002 0.1275 0.1424 0.0751 0.0076 0.0000 0.0000 0.0000 0.0000
 0.0002 0.0005 0.0008 0.0044 0.0070 0.0100 0.0104 0.0175 0.0391 0.0970 0.1402 0.2062 0.2047 0.1811 0.0714 0.0097 0.0000 0.0000 0.0000 0.0000
 0.0000 0.0000 0.0000 0.0086 0.0086 0.0029 0.0076 0.0086 0.0143 0.0286 0.0630 0.1260 0.2118 0.3244 0.1880 0.0076 0.0000 0.0000 0.0000 0.0000
 0.0003 0.0051 0.0192 0.0483 0.0613 0.0576 0.0595 0.0581 0.0532 0.0558 0.0712 0.1059 0.1497 0.1554 0.0895 0.0097 0.0000 0.0000 0.0000 0.0000
 0.0016 0.0057 0.0093 0.0115 0.0155 0.0302 0.0568 0.0866 0.1009 0.1196 0.1239 0.1411 0.1319 0.1128 0.0481 0.0045 0.0000 0.0000 0.0000 0.0000
 0.0012 0.0061 0.0060 0.0091 0.0065 0.0104 0.0133 0.0335 0.0630 0.1142 0.1543 0.1705 0.1642 0.1582 0.0803 0.0093 0.0000 0.0000 0.0000 0.0000
 0.0081 0.0119 0.0146 0.0317 0.0552 0.0666 0.0720 0.0670 0.0642 0.0599 0.0655 0.0958 0.1322 0.1708 0.0781 0.0064 0.0000 0.0000 0.0000 0.0000
 0.0004 0.0074 0.0177 0.0403 0.0510 0.0483 0.0615 0.1087 0.1384 0.1452 0.1102 0.0849 0.0700 0.0688 0.0404 0.0059 0.0008 0.0000 0.0000 0.0000
 0.0002 0.0008 0.0015 0.0029 0.0076 0.0220 0.0343 0.0418 0.0454 0.0658 0.0956 0.1376 0.1381 0.1385 0.0729 0.0262 0.0246 0.0349 0.0345 0.0750
 0.0003 0.0013 0.0044 0.0150 0.0312 0.0377 0.0368 0.0346 0.0452 0.0766 0.0929 0.1144 0.1377 0.1764 0.1275 0.0284 0.0105 0.0085 0.0075 0.0132
 0.0012 0.0042 0.0068 0.0098 0.0171 0.0366 0.0658 0.0850 0.0928 0.0857 0.0819 0.0987 0.1291 0.1651 0.0956 0.0126 0.0032 0.0028 0.0022 0.0037
 0.0001 0.0003 0.0012 0.0046 0.0108 0.0141 0.0159 0.0214 0.0441 0.0808 0.1269 0.1793 0.1988 0.1838 0.0983 0.0099 0.0014 0.0018 0.0018 0.0045
 0.0004 0.0010 0.0018 0.0032 0.0041 0.0073 0.0178 0.0402 0.0631 0.0705 0.0798 0.1180 0.1809 0.2413 0.1455 0.0149 0.0021 0.0016 0.0022 0.0043
 0.0007 0.0011 0.0025 0.0055 0.0085 0.0119 0.0148 0.0218 0.0341 0.0541 0.0962 0.1517 0.2017 0.2373 0.1350 0.0137 0.0017 0.0018 0.0016 0.0042
 0.0017 0.0066 0.0112 0.0199 0.0204 0.0188 0.0272 0.0309 0.0409 0.0560 0.0756 0.1176 0.1698 0.2210 0.1565 0.0180 0.0026 0.0017 0.0009 0.0025
 0.0006 0.0008 0.0024 0.0042 0.0111 0.0262 0.0416 0.0563 0.0534 0.0570 0.0704 0.1060 0.1521 0.2072 0.1468 0.0248 0.0054 0.0085 0.0069 0.0182
#length proportions of trawl female bycatch (year*width 67.5-162.5)
 0.0000 0.0000 0.0000 0.0000 0.0000 0.0000 0.0130 0.0087 0.0216 0.0260 0.0303 0.0563 0.0130 0.0260 0.0043 0.0260 0.0000 0.0000 0.0000 0.0000
 0.0000 0.0009 0.0009 0.0000 0.0000 0.0009 0.0026 0.0053 0.0070 0.0088 0.0062 0.0053 0.0044 0.0026 0.0009 0.0009 0.0000 0.0000 0.0000 0.0000
 0.0000 0.0000 0.0000 0.0000 0.0000 0.0000 0.0000 0.0000 0.0000 0.0000 0.0075 0.0050 0.0075 0.0262 0.0324 0.0610 0.0000 0.0000 0.0000 0.0000
 0.0130 0.0013 0.0000 0.0000 0.0063 0.0038 0.0152 0.0468 0.0354 0.0392 0.0544 0.0215 0.0164 0.0177 0.0013 0.0139 0.0000 0.0000 0.0000 0.0000
 0.0433 0.0160 0.0096 0.0189 0.0281 0.0409 0.0497 0.0472 0.0489 0.0525 0.0362 0.0265 0.0134 0.0081 0.0039 0.0040 0.0000 0.0000 0.0000 0.0000
 0.0612 0.0245 0.0245 0.0437 0.0540 0.0608 0.0525 0.0425 0.0315 0.0383 0.0312 0.0267 0.0240 0.0158 0.0093 0.0086 0.0000 0.0000 0.0000 0.0000
 0.0631 0.0235 0.0237 0.0285 0.0379 0.0413 0.0332 0.0246 0.0190 0.0177 0.0156 0.0144 0.0104 0.0080 0.0034 0.0049 0.0000 0.0000 0.0000 0.0000
 0.0281 0.0233 0.0351 0.0363 0.0358 0.0407 0.0392 0.0316 0.0222 0.0154 0.0100 0.0087 0.0065 0.0042 0.0030 0.0041 0.0000 0.0000 0.0000 0.0000
 0.0400 0.0156 0.0155 0.0211 0.0298 0.0344 0.0399 0.0359 0.0287 0.0151 0.0085 0.0060 0.0042 0.0031 0.0019 0.0029 0.0000 0.0000 0.0000 0.0000
 0.0034 0.0013 0.0024 0.0046 0.0096 0.0171 0.0195 0.0193 0.0163 0.0128 0.0119 0.0111 0.0108 0.0057 0.0025 0.0066 0.0000 0.0000 0.0000 0.0000
 0.0144 0.0052 0.0083 0.0132 0.0245 0.0297 0.0388 0.0333 0.0308 0.0203 0.0140 0.0069 0.0055 0.0029 0.0023 0.0054 0.0000 0.0000 0.0000 0.0000
 0.0029 0.0015 0.0117 0.0253 0.0271 0.0409 0.0546 0.0479 0.0436 0.0299 0.0221 0.0165 0.0089 0.0047 0.0028 0.0108 0.0000 0.0000 0.0000 0.0000
 0.0239 0.0035 0.0061 0.0111 0.0218 0.0368 0.0520 0.0446 0.0464 0.0435 0.0316 0.0179 0.0115 0.0062 0.0026 0.0078 0.0000 0.0000 0.0000 0.0000
 0.0010 0.0004 0.0006 0.0024 0.0082 0.0125 0.0151 0.0320 0.0330 0.0348 0.0302 0.0255 0.0221 0.0167 0.0090 0.0225 0.0000 0.0000 0.0000 0.0000
 0.0015 0.0045 0.0105 0.0090 0.0090 0.0105 0.0254 0.0284 0.0494 0.0404 0.0404 0.0329 0.0180 0.0090 0.0015 0.0165 0.0000 0.0000 0.0000 0.0000
 0.0096 0.0032 0.0064 0.0032 0.0000 0.0064 0.0032 0.0064 0.0257 0.0129 0.0161 0.0257 0.0161 0.0257 0.0032 0.0804 0.0000 0.0000 0.0000 0.0000
 0.0000 0.0000 0.0000 0.0034 0.0475 0.0712 0.0542 0.0542 0.0508 0.0542 0.0712 0.0780 0.0542 0.0508 0.0441 0.0644 0.0000 0.0000 0.0000 0.0000
 0.0306 0.0031 0.0076 0.0260 0.0290 0.0397 0.0260 0.0595 0.0397 0.0153 0.0122 0.0107 0.0137 0.0183 0.0183 0.0641 0.0000 0.0000 0.0000 0.0000
 0.0213 0.0016 0.0065 0.0098 0.0163 0.0082 0.0228 0.0408 0.0555 0.0718 0.1289 0.1109 0.0750 0.0685 0.0538 0.0734 0.0000 0.0000 0.0000 0.0000
 0.0000 0.0000 0.0008 0.0042 0.0130 0.0230 0.0245 0.0234 0.0283 0.0291 0.0257 0.0218 0.0207 0.0165 0.0103 0.0348 0.0000 0.0000 0.0000 0.0000
 0.0000 0.0000 0.0000 0.0000 0.0009 0.0000 0.0132 0.0220 0.0290 0.0457 0.0343 0.0308 0.0413 0.0290 0.0299 0.1134 0.0000 0.0000 0.0000 0.0000
 0.0000 0.0000 0.0004 0.0004 0.0007 0.0022 0.0109 0.0322 0.0386 0.0270 0.0240 0.0161 0.0187 0.0199 0.0243 0.0610 0.0000 0.0000 0.0000 0.0000
 0.0000 0.0000 0.0000 0.0018 0.0012 0.0006 0.0018 0.0018 0.0071 0.0143 0.0208 0.0273 0.0410 0.0321 0.0208 0.0665 0.0000 0.0000 0.0000 0.0000
 0.0010 0.0003 0.0003 0.0011 0.0005 0.0035 0.0079 0.0120 0.0076 0.0125 0.0267 0.0390 0.0313 0.0218 0.0158 0.0428 0.0000 0.0000 0.0000 0.0000
 0.0008 0.0002 0.0007 0.0010 0.0040 0.0062 0.0116 0.0159 0.0172 0.0196 0.0334 0.0577 0.0514 0.0336 0.0275 0.0882 0.0000 0.0000 0.0000 0.0000
 0.0000 0.0008 0.0011 0.0056 0.0110 0.0099 0.0085 0.0141 0.0265 0.0285 0.0285 0.0432 0.0536 0.0570 0.0559 0.1341 0.0000 0.0000 0.0000 0.0000
 0.0000 0.0017 0.0051 0.0238 0.0357 0.0102 0.0102 0.0289 0.0595 0.0408 0.0289 0.0255 0.0476 0.0391 0.0476 0.1173 0.0000 0.0000 0.0000 0.0000
 0.0039 0.0039 0.0039 0.0039 0.0039 0.0039 0.0117 0.0272 0.0389 0.0506 0.0389 0.0389 0.0467 0.0584 0.0389 0.0934 0.0000 0.0000 0.0000 0.0000
 0.0000 0.0000 0.0000 0.0032 0.0032 0.0129 0.0097 0.0484 0.0516 0.0194 0.0323 0.0323 0.0323 0.0323 0.0323 0.0903 0.0000 0.0000 0.0000 0.0000
 0.0026 0.0078 0.0078 0.0078 0.0078 0.0156 0.0078 0.0260 0.0545 0.0390 0.0260 0.0390 0.0545 0.0156 0.0390 0.0857 0.0000 0.0000 0.0000 0.0000
 0.0000 0.0000 0.0010 0.0002 0.0023 0.0058 0.0124 0.0280 0.0519 0.0813 0.0807 0.0774 0.0634 0.0502 0.0397 0.0986 0.0000 0.0000 0.0000 0.0000
 0.0000 0.0000 0.0006 0.0012 0.0047 0.0136 0.0208 0.0308 0.0255 0.0326 0.0403 0.0510 0.0344 0.0332 0.0261 0.0842 0.0000 0.0000 0.0000 0.0000
 0.0000 0.0000 0.0000 0.0004 0.0031 0.0031 0.0081 0.0198 0.0345 0.0271 0.0364 0.0415 0.0473 0.0310 0.0213 0.0609 0.0000 0.0000 0.0000 0.0000
 0.0000 0.0000 0.0000 0.0012 0.0029 0.0145 0.0313 0.0441 0.0464 0.0412 0.0522 0.0429 0.0638 0.0545 0.0394 0.0864 0.0000 0.0000 0.0000 0.0000
 0      0      0.0066 0.0175 0.0131 0.0131 0.0262 0.0109 0.0218 0.0262 0.0415 0.0437 0.0524 0.0306 0.0393 0.1376 0      0      0      0
 0      0      0      0      0.0037 0.0332 0.0221 0.0443 0.0148 0.0369 0.0295 0.0295 0.059  0.048  0.0332 0.1218 0      0      0      0
#length proportions of trawl male bycatch (year*width 67.5-162.5)
 0.0000 0.0000 0.0000 0.0000 0.0000 0.0130 0.0087 0.0043 0.0216 0.0087 0.0260 0.0390 0.0433 0.0649 0.0996 0.0866 0.0736 0.0909 0.0649 0.1299
 0.0036 0.0009 0.0009 0.0009 0.0026 0.0035 0.0079 0.0097 0.0317 0.0485 0.0599 0.0996 0.1084 0.1251 0.1040 0.1057 0.1004 0.0634 0.0326 0.0441
 0.0000 0.0000 0.0000 0.0000 0.0000 0.0000 0.0000 0.0025 0.0012 0.0025 0.0149 0.0274 0.0511 0.0872 0.1245 0.1158 0.0797 0.0984 0.0672 0.1880
 0.0178 0.0013 0.0025 0.0013 0.0025 0.0076 0.0038 0.0025 0.0013 0.0063 0.0051 0.0114 0.0228 0.0556 0.0582 0.0708 0.0898 0.0860 0.0809 0.1858
 0.0531 0.0207 0.0096 0.0135 0.0142 0.0163 0.0274 0.0263 0.0380 0.0375 0.0422 0.0394 0.0368 0.0377 0.0313 0.0231 0.0207 0.0142 0.0131 0.0265
 0.0262 0.0028 0.0045 0.0066 0.0112 0.0175 0.0279 0.0349 0.0386 0.0504 0.0434 0.0480 0.0287 0.0334 0.0241 0.0212 0.0112 0.0064 0.0051 0.0087
 0.0701 0.0268 0.0247 0.0326 0.0356 0.0443 0.0409 0.0403 0.0401 0.0475 0.0426 0.0479 0.0405 0.0326 0.0218 0.0153 0.0084 0.0052 0.0038 0.0099
 0.0231 0.0214 0.0336 0.0344 0.0311 0.0319 0.0377 0.0445 0.0473 0.0471 0.0457 0.0437 0.0409 0.0414 0.0371 0.0283 0.0204 0.0129 0.0096 0.0180
 0.0366 0.0156 0.0147 0.0199 0.0270 0.0342 0.0399 0.0407 0.0431 0.0476 0.0511 0.0596 0.0594 0.0563 0.0473 0.0355 0.0264 0.0170 0.0109 0.0146
 0.0051 0.0014 0.0034 0.0059 0.0100 0.0164 0.0256 0.0396 0.0357 0.0446 0.0538 0.0636 0.0843 0.0862 0.0883 0.0843 0.0638 0.0455 0.0299 0.0578
 0.0139 0.0028 0.0080 0.0106 0.0159 0.0199 0.0237 0.0263 0.0245 0.0316 0.0393 0.0532 0.0739 0.0772 0.0803 0.0706 0.0604 0.0396 0.0327 0.0401
 0.0017 0.0024 0.0056 0.0076 0.0115 0.0170 0.0231 0.0293 0.0331 0.0349 0.0471 0.0506 0.0543 0.0620 0.0646 0.0613 0.0581 0.0356 0.0231 0.0259
 0.0228 0.0010 0.0013 0.0023 0.0045 0.0095 0.0156 0.0214 0.0251 0.0280 0.0291 0.0333 0.0390 0.0471 0.0604 0.0697 0.0768 0.0634 0.0430 0.0393
 0.0010 0.0010 0.0012 0.0012 0.0024 0.0036 0.0084 0.0105 0.0153 0.0229 0.0300 0.0473 0.0505 0.0613 0.0784 0.0849 0.0806 0.0772 0.0645 0.0919
 0.0240 0.0060 0.0090 0.0030 0.0105 0.0075 0.0299 0.0165 0.0329 0.0359 0.0240 0.0314 0.0314 0.0434 0.0689 0.0749 0.0763 0.0644 0.0344 0.0689
 0.0481 0.0289 0.0225 0.0064 0.0225 0.0129 0.0161 0.0161 0.0386 0.0225 0.0418 0.0322 0.0322 0.0225 0.0322 0.0740 0.0354 0.0514 0.0514 0.1479
 0.0000 0.0000 0.0000 0.0000 0.0000 0.0068 0.0000 0.0000 0.0000 0.0136 0.0169 0.0203 0.0407 0.0373 0.0407 0.0373 0.0271 0.0237 0.0068 0.0305
 0.0061 0.0061 0.0061 0.0076 0.0015 0.0000 0.0000 0.0015 0.0015 0.0031 0.0015 0.0031 0.0092 0.0137 0.0198 0.0427 0.0412 0.0534 0.0794 0.2885
 0.0193 0.0016 0.0082 0.0065 0.0033 0.0082 0.0163 0.0163 0.0098 0.0163 0.0147 0.0065 0.0114 0.0098 0.0098 0.0163 0.0245 0.0196 0.0033 0.0114
 0.0000 0.0004 0.0011 0.0019 0.0088 0.0191 0.0314 0.0413 0.0452 0.0463 0.0459 0.0467 0.0387 0.0521 0.0333 0.0417 0.0379 0.0459 0.0448 0.1413
 0.0009 0.0009 0.0000 0.0000 0.0009 0.0009 0.0009 0.0044 0.0035 0.0185 0.0334 0.0439 0.0483 0.0501 0.0641 0.0571 0.0501 0.0545 0.0439 0.1344
 0.0023 0.0004 0.0011 0.0004 0.0004 0.0007 0.0026 0.0022 0.0056 0.0071 0.0161 0.0217 0.0446 0.0670 0.0760 0.0906 0.0869 0.0831 0.0670 0.1476
 0.0054 0.0006 0.0006 0.0006 0.0012 0.0006 0.0030 0.0018 0.0048 0.0083 0.0143 0.0386 0.0671 0.0837 0.1116 0.1099 0.0950 0.0641 0.0523 0.0998
 0.0008 0.0000 0.0005 0.0003 0.0005 0.0046 0.0065 0.0153 0.0243 0.0289 0.0289 0.0346 0.0376 0.0417 0.0444 0.0646 0.0777 0.0837 0.0733 0.2076
 0.0005 0.0002 0.0010 0.0005 0.0025 0.0062 0.0064 0.0084 0.0155 0.0192 0.0236 0.0231 0.0266 0.0327 0.0396 0.0447 0.0595 0.0580 0.0631 0.1994
 0.0006 0.0006 0.0020 0.0068 0.0090 0.0107 0.0121 0.0059 0.0059 0.0068 0.0121 0.0229 0.0274 0.0333 0.0503 0.0539 0.0553 0.0497 0.0480 0.1081
 0.0017 0.0017 0.0068 0.0102 0.0255 0.0221 0.0272 0.0102 0.0051 0.0170 0.0051 0.0170 0.0187 0.0187 0.0408 0.0493 0.0425 0.0289 0.0255 0.1037
 0.0039 0.0039 0.0117 0.0039 0.0039 0.0117 0.0350 0.0272 0.0233 0.0389 0.0233 0.0233 0.0117 0.0117 0.0233 0.0233 0.0739 0.0389 0.0389 0.1012
 0.0032 0.0000 0.0097 0.0032 0.0032 0.0032 0.0032 0.0355 0.0194 0.0194 0.0323 0.0194 0.0484 0.0484 0.0194 0.0323 0.0516 0.0323 0.0323 0.1839
 0.0026 0.0026 0.0026 0.0078 0.0026 0.0156 0.0208 0.0234 0.0078 0.0442 0.0338 0.0571 0.0545 0.0494 0.0545 0.0390 0.0416 0.0260 0.0156 0.0623
 0.0000 0.0000 0.0000 0.0002 0.0006 0.0012 0.0033 0.0070 0.0107 0.0146 0.0173 0.0206 0.0177 0.0278 0.0358 0.0366 0.0379 0.0362 0.0426 0.0968
 0.0000 0.0000 0.0012 0.0006 0.0024 0.0042 0.0042 0.0089 0.0089 0.0142 0.0196 0.0219 0.0338 0.0380 0.0504 0.0350 0.0415 0.0534 0.0647 0.1981
 0.0000 0.0000 0.0000 0.0000 0.0019 0.0016 0.0016 0.0054 0.0140 0.0194 0.0202 0.0427 0.0539 0.0613 0.0698 0.0741 0.0694 0.0597 0.0512 0.1194
 0.0000 0.0000 0.0017 0.0012 0.0017 0.0046 0.0041 0.0081 0.0133 0.0122 0.0145 0.0307 0.0359 0.0417 0.0557 0.0493 0.0487 0.0354 0.0307 0.0899
 0.0000 0.0000 0.0022 0.0066 0.0109 0.0109 0.0022 0.0066 0.0131 0.0087 0.0066 0.0066 0.0218 0.0284 0.0480 0.0590 0.0590 0.0590 0.0437 0.1266
 0.0000 0.0037 0.0000 0.0000 0.0000 0.0037 0.0037 0.0037 0.0037 0.0037 0.0111 0.0074 0.0295 0.0369 0.0517 0.0332 0.0517 0.0554 0.0554 0.1697
#retained catch in number (millions of crabs)
    8.7452  10.6034 11.7331 14.7456 16.8086  20.8454  5.3079  0.5410 0.0000 0.7939 0.7961 2.0996  2.1224  1.2360 1.6848  3.130  2.661   1.208 2.270  0.0148  0.0141 1.264 1.338  2.238  1.923  1.272 1.2867 1.4844 2.5154 2.272 2.763  2.477  3.1543  3.064032 2.552947 2.409949 1.29775 1.175752 0.0001
#retained catch in weight (million lbs)
   51.3263 63.9200 69.9679 87.6183 107.8281 129.9485 33.5914 3.0012 0.0000 4.1824 4.1750 11.3939 12.2891 7.3878 10.2648 20.443 17.384  8.117 14.682  0.0930 0.0800 8.514 8.9114 14.946 11.856 8.241 8.523 9.666 15.731 15.4470 18.518 15.748 20.5117 20.31796 16.03305 14.90662 7.95228  7.98455 0.0001
#  51.3263 63.9200 69.9679 87.6183 107.8281 129.9485 33.5914 3.0012 0.0000 4.1824 4.1750 11.3939 12.2891 7.3878 10.2648 20.443 17.384  8.117 14.682  0.0000 0.0000 8.514 8.9114 14.946 11.856 8.241 8.523 9.666 15.731 15.4470 18.518 15.748 20.5117 20.31796 16.03305 14.90662 7.95228  0.0001
#  51.3263 63.9200 69.9679 87.6183 107.8281 129.9485 33.5914 3.0012 0.0000 4.1824 4.1750 11.3939 12.2891 7.3878 10.2648 20.3623 17.1779 8.0430 14.6286 0.000 0.000 8.4056 8.9114 14.7574 11.6702 8.1544 8.4030 9.570 15.7295 15.4470 18.518 15.748 20.5117 20.31796 16.03305 14.90662 7.95228 0.0001
#discarded pot female bycatch in million of crabs
     0.0     0.0     0.0     0.0     0.0      0.0      0.0     0.0    0.0    0.0    0.0    0.0     0.0     0.0    0.0     2.6708 0.4846  2.4086 2.8145 0.0    0.0   0.0100 0.0750 3.8965 0.0303 0.3040 0.7861 0.0476 2.1912 0.932 2.0387 0.2222 0.83389 0.666098 0.33234 0.477993 0.11586 0.049933 0.0001
#discarded pot male bycatch in million of crabs
     0.0     0.0     0.0     0.0     0.0      0.0      0.0     0.0    0.0    0.0    0.0    0.0     0.0     0.0    0.0     1.7188  1.4537 2.3056 2.6880 0.0    0.0   0.5950 0.9100 3.1730 0.9220 1.3930 1.6235 1.5270 3.617  1.539 3.7923 1.8320 3.6198 3.786757 2.782675 2.480059 1.27996 0.64096  0.0001
#total trawl bycatch in million of crabs
     0.0     0.3846  0.7877  0.6465  0.7362   1.1413   0.2671  0.7854 0.4928 1.1682 0.2747 0.1593 0.1245 0.4303 0.1092    0.1718   0.1835 0.2481 0.2810 0.0482 0.1066 0.0763 0.0490 0.0937 0.1105 0.0586 0.089955 0.076302 0.105493 0.075107 0.096834 0.07529 0.086417 0.093077   0.06190  0.05939  0.04637 0.03277 0.01
#survey numbers by year male+female millions of crab 1968-70, 1972-2010.
 250.444 309.694 349.939 305.547  201.707 210.960 125.304 224.556 71.164 277.927 36.7171 41.0397 73.2428 44.5195 41.7301 43.8863 53.1139 27.8487 35.2593 19.2967 31.6429 44.4464 70.8614 67.9162 44.11778 51.064539 43.5622 66.2300 76.3463 85.2241 101.9823 80.25563 75.63907 85.88534 62.456011 53.566577 48.533607 43.857346 36.224393
#survey biomass cv(these are from the survey reports), default as 0.2.
#    0.18     0.19     0.14     0.15     0.12     0.22     0.10      0.26    0.22    0.64    0.16    0.19    0.21    0.21    0.21    0.21    0.20    0.17    0.17    0.17    0.22    0.20    0.26    0.18    0.15    0.16     0.18    0.20    0.16    0.16    0.17     0.13    0.13   0.19
#    0.18     0.19     0.14     0.15     0.12     0.22     0.10      0.26    0.22    0.64    0.16    0.19    0.21    0.21    0.21    0.21    0.20    0.17    0.17    0.17    0.22    0.20    0.26    0.18    0.15    0.16     0.18    0.20    0.16    0.16    0.17     0.13    0.13   0.19
     0.18     0.19     0.14     0.15     0.12     0.22     0.10      0.26    0.22    0.64    0.16    0.19    0.21    0.21    0.21    0.21    0.46    0.17    0.17    0.17    0.22    0.20    0.26    0.18    0.16    0.17     0.18    0.20    0.16    0.16    0.17     0.13    0.14   0.20   0.32 0.15 0.133  0.154  0.245
     0.18     0.19     0.14     0.15     0.12     0.22     0.10      0.26    0.22    0.64    0.16    0.19    0.21    0.21    0.21    0.21    0.46    0.17    0.17    0.17    0.22    0.20    0.26    0.18    0.16    0.17     0.18    0.20    0.16    0.16    0.17     0.13    0.14   0.20   0.32 0.15 0.133  0.154  0.245
#   0.251   0.193    0.142     0.171   0.201     0.325    0.218    0.341    0.273   0.722   0.191   0.361   0.260   0.278   0.288   0.289   0.314  0.186   0.197   0.180   0.267   0.254   0.357   0.199   0.181   0.206   0.224   0.303   0.183   0.285   0.247    0.147   0.136   0.289
#female wt(kg) at length parameters a,b wt=a*Length^b a=0.00002286 b=2.2338 (old), new: a=0.000408,b=3.127956 (<90mm), a=0.003593,b=2.666076 (>89m)
# 0.240 0.285 0.334 0.388 0.447 0.564 0.634 0.709 0.789 0.873 0.962 1.056 1.155 1.258 1.367 1.520 1.599 1.723 1.851 1.985
  0.21510 0.26898 0.33137 0.40294 0.48437 0.62711 0.72160 0.82452 0.93615 1.05678 1.18669 1.32613 1.47539 1.63473 1.80441 2.18315 2.18315 2.18315 2.18315 2.18315
#male wt(kg) at length parameters a,b  wt=a*Length^b a=0.000000361 b=3.16 (old), new: a=0.000403, b=3.141334
# 0.218 0.273 0.337 0.411 0.495 0.590 0.696 0.815 0.948 1.094 1.256 1.432 1.625 1.835 2.063 2.310 2.576 2.862 3.169 3.700
  0.22478 0.28135 0.34692 0.42221 0.50793 0.60480 0.71356 0.83495 0.96970 1.11856 1.28229 1.46163 1.65736 1.87023 2.10101 2.35048 2.61942 2.90861 3.21882 3.90595
#length bins
 67.5 72.5 77.5 82.5 87.5 92.5 97.5 102.5 107.5 112.5 117.5 122.5 127.5 132.5 137.5 142.5 147.5 152.5 157.5 162.5
#mean lengths of growth increments for length groups, 3 periods (68-82, 83-93, 94-08) for females and males.
13.8  12.2  10.5  8.4   7.5    7.0   6.6   6.1    5.6   5.1   4.6   4.1   3.6   3.2    2.7   2.2  1.7   1.2   0.7   0.4
15.4  13.8  12.2  10.5   8.9   7.9   7.2   6.6    6.1   5.6   5.1   4.6   4.1   3.6    3.2   2.7  2.2   1.7   1.2   0.7
15.1  14.0  12.9  11.8  10.6   8.7   7.4   6.6    6.1   5.6   5.1   4.6   4.1   3.6    3.2   2.7  2.2   1.7   1.2   0.7
#16.5 16.4 16.3 16.3 16.2 16.1 16.0 15.9 15.9 15.8 15.7 15.6 15.6 15.5 15.4 15.3 15.2 15.2 15.1 15.0
16.5  16.5  16.4  16.3  16.3  16.2  16.2   16.1  16.1  16.0  16.0  15.9  15.8   15.8  15.7  15.7 15.6  15.6  15.5  15.5
#min and max growth increment per molt, females
4  4  4  3  3  2  2  2  1  1  1  1  1  1  1  1  1  1  1  1
27 25 23 21 19 16 15 14 13 12 11 10 9  8  7  4  4  4  4  4
#min and max growth increment per molt, males
#5  5  5  4  4  4  4  4  4  4  4  4  4  4  4  4  4  4  4  4
#29 29 29 29 29 29 28 28 28 28 28 28 28 28 28 28 28 28 28 28
5  5  5  5  5  5  5  5  5  5  5  5  5  5  5  5  5  5  5  5
#30 30 30 30 30 30 30 30 30 30 30 30 30 30 30 30 30 30 30 30
28 28 28 28 28 28 28 28 28 28 28 28 28 28 28 28 28 28 28 28
#mid-points of catch from the survey
 0.2329  0.2795  0.3233  0.2548  0.2493  0.2493  0.2493  0.2356  0.24    0.2712  0.2438  0.2521  0.2493  0.2438  0.2493  0.3507  0.3425  0.3425  0.3452  0.34  0.34  0.34  0.34  0.34  0.3 0.3 0.3 0.3 0.3 0.3 0.3 0.3 0.3 0.3 0.3 0.3 0.3 0.3 0.3
#Japanese fishery CPUE (crab/tan)
# 15.8 12.9 11.3 8.6 8.5 7.7 8.1 6.3 7.8 5.6 5.6 5.8 5.6
#15.2 11.8 11.3 8.5 9.2 9.3 9.4 8.3 7.5 7.2 7.3 6.7 6.7
#Nat mort for males
#0.2 1.00 0.20  0.10
#nat mort for females
#0.48 1.75 0.35 0.05
# proportions of survey abundance in 1975: females, newshell males, and oldshell males
0.04794 0.05637 0.05349 0.04737 0.05315 0.04089 0.03839 0.03829 0.02918 0.02466 0.01419 0.01357 0.00970 0.00422 0.00251 0.00290 0.00000 0.00000 0.00000 0.00000
0.03434 0.06122 0.03634 0.03703 0.03629 0.02685 0.02747 0.02044 0.02199 0.02522 0.02321 0.02321 0.02484 0.02294 0.01909 0.01970 0.01621 0.00957 0.00661 0.01009
0.00000 0.00011 0.00000 0.00021 0.00000 0.00011 0.00000 0.00085 0.00064 0.00148 0.00085 0.00137 0.00165 0.00136 0.00194 0.00357 0.00184 0.00197 0.00183 0.00075
# proportions of foreign retained catch during 1968-1972
0.76666 0.48162 0.56738 0.28486 0.1717
# BSFRF capture probability, combined males and females
0.4620 0.4859 0.5099 0.5339 0.5577 0.5812 0.6044 0.6271 0.6493 0.6708 0.6916 0.7117 0.7310 0.7495 0.7671 0.7838 0.7996 0.8146 0.8286 0.8418
#number of years of BSFRF survey data
 2
#years when have survey data
2007 2008
#mature male abundances and cv
22.331 19.747
0.0634 0.0765
# maximum catchability at 162.5 mm and its CV
0.854 0.125465
