# 1975    1976    1977    1978    1979    1980    1981   1982    1983    1984    1985    1986    1987     1988    1989    1990    1991    1992    1993    1994   1995    1996    1997    1998    1999    2000    2001    2002    2003     2004    2005   2006    2007    2008    2009    2010   2011   2012  2013 2014 2015  2016
# survey females, survey males, retained, female discard, male discard, trawl bycatch females, trawl bycatch males, Tanner bycatch females, Tanner bycatch males.
  2139    2956    4178    3948    4663    1387    4097    2051    944     1942    415     367     1018    546     550     603     491     360     534     266     1718    816     707     1150    540     1225    743     896     1311    1599    1682    2672    2499    3352    1857    1633   994   707   560  1255 677   803
  2943    4724    3636    4132    5807    2412    3478    2063    1524    2679    792     1962    1168    1834    1257    858     1378    513     1009    443     2154    835     1282    1097    764     731     611     1032    1669    2871    1283    1171    1219    1221    830     705    525   580   633  1106 600   374
  29570   26450   32596   27529   27900   34747   18029   11466           4404    4582    5773    4230    9833    32858   7218    36820   23552   32777                  8896    15747   16131   17666   14091   12854   15932   16212   20038   21938   18027   22387   14567   16708   20137 10706  8956 10197  9618 11746
                                                                                                                          699     375     2389    5942                    11      906     9130    36      1486    4567    302     10327   4112    26775   3594    12411   8488    6024    6839  1920   561  6048  1950 5889
                                                                                                                          873     1801    3248    5803                    230     4102    11079   1048    8970    9102    9943    17998   8258    55019   29383   58097   49315   50017  35367 20629  7206 13828 13040 8037
          2327    14014   8983    7228    47463   42172   84240  204464  357981  169767   284     927     275     194     1570    396     107             247     35      968     483     915     858     671     2521    1464    1057    1506    1872    1983    1097    1039    870     846   1069  1752  4198  2580 3704
          676     689     1456    2821    39689   49634   47229   104910  147134  30693  1199    723     437     3147    761     208      214              330    103     1025    1202    1627    2154    994     4393    3372    1568    1689    1815    1481    1011    1867    1482    645    562  1507  4793  1966 1126
                                                                                                                                   2198     685     265                                                                                                                                                      596   381  2163
                                                                                                                                    885     280     232                                                                                                                                                      218   256  726
