# Number of parameters = 164  Objective function value = 8825.82  Maximum gradient component = 1.85678
# theta[1]:
0.180000000000
# theta[2]:
3.00000000000
# theta[3]:
12.9000000000
# theta[4]:
2.50000000000
# alpha:
 3.73300000000 3.73300000000
# beta:
 0.200000000000 0.200000000000
# scale:
 50.1000000000 50.1000000000
# molt_mu:
 100.000000000 100.000000000
# molt_cv:
 0.500000000000 0.500000000000
# log_slx_pars[1]:
 4.38202663467 2.30258509299
# log_slx_pars[2]:
 4.49980967033 2.30258509299
 4.49980967033 2.30258509299
 4.49980967033 2.30258509299
 4.49980967033 2.30258509299
# log_slx_pars[3]:
 4.38202663467 2.30258509299
# log_slx_pars[4]:
 4.38202663467 2.30258509299
# log_slx_pars[5]:
 4.49980967033 2.30258509299
# log_slx_pars[6]:
 4.55387689160 2.30258509299
# log_slx_pars[7]:
 4.49980967033 2.30258509299
# log_slx_pars[8]:
 4.49980967033 2.30258509299
# log_fbar[1]:
-7.15021163350
# log_fbar[2]:
-9.34241076015
# log_fbar[3]:
-5.86212778403
# log_fbar[4]:
-6.02125105707
# log_fdev[1]:
 -0.188636134620 -0.0671458153314 -0.00232202386254 0.475213349267 0.845786239971 1.31993479241 0.0259528336302 -1.86986133085 -8.27365182978 -0.748422128029 0.255634041655 0.620940782818 0.516064030852 0.418652909916 0.884797963050 1.02312324868 0.599542176149 1.88324044403 1.59485836054 -4.87100876214 -5.64733010622 -2.21362853616 -0.589347853526 1.44256441651 -1.16562918077 0.153942204593 0.473282831236 -0.673428472864 1.44363326630 0.866715968649 1.23743933103 0.0283589121919 0.877375855894 0.824556316587 0.385324734423 0.451473830217 -0.700286294912 -1.53317528416 9.89546716034
# log_fdev[2]:
 -2.95644500826 0.598965679964 1.32729303307 1.22249833865 1.35819861687 1.86207864882 0.342488164266 1.60433663662 1.05386629600 2.17151236335 0.901067855787 0.0771666561209 -0.103697956971 1.24586647577 -0.0891902127718 0.0954353666873 0.409915138408 1.26684809835 0.856795021371 -1.29457185634 -0.640436357810 -1.02664067583 -0.859671695167 -0.390721059133 -0.514104213053 -0.688466676366 -0.450589311879 -0.714488395552 -0.127866955923 -0.519608166718 -0.415130644827 -0.760848039701 -0.526864050855 -0.473086076848 -0.897268129401 -0.936719927871 -1.34372820700 -1.82082854592 1.15663719135
# log_fdev[3]:
 2.80206973147 -6.85851610420 3.87187964654 4.89050874728 4.47207240480 4.98509423038 -6.88688012007 5.60287960071 -5.44720785928 6.64948634451 4.05746700546 4.04977189582 6.52176757926 5.55880214656 6.53962269574 -9.17137265819 6.96989915509 1.30474043317 -9.66798628031 -9.64197678124 -9.65049295955 -9.89578014435 7.46212192093 -9.90864015145 -8.94239834039 4.74623729821 -9.70775582138 5.40323965806 5.52945551102 5.42777198026 2.10616073385 1.43883676241 4.25436781798 5.77133623260 5.78892234147 5.98109272548 -8.74372144351 -8.21589855206 -9.44671238216
# log_fdev[4]:
 3.79617919207 -6.21531920133 3.30401778205 4.63600142374 0.262863061148 5.19140267373 -5.94250413836 6.08529064105 -9.06502727265 5.87556482874 7.02664249254 -0.899739489539 5.03237537581 6.43276205424 5.24302215070 -8.70519783882 5.64977915758 8.15184269018 -9.93184420138 -9.60074052489 -8.95437217144 -9.78428981677 2.78999162233 -9.99853692769 -8.90846319302 7.47330391161 -9.02769298333 5.55276308308 6.95413975904 5.80986480000 5.92501935213 5.66217944738 6.45861208565 2.12914981409 4.67727637971 0.555657030482 -6.78284097571 -7.22333032458 -9.63560702086
