ParName   Value   Gradient
theta[2]      7.09999 -1.19033e-007
theta[3]      9.34765      438.747
theta[4]      9.09718     -5885.01
theta[5]      72.5012   0.00372765
log_slx_pars[1](1)      4.67747   0.00730567
log_slx_pars[1](2)      4.68204   0.00311508
log_slx_pars[3](1)      2.44718      1.00856
log_slx_pars[3](2)       2.6127      1.43351
log_slx_pars[4](1)      4.73505     -78.5642
log_slx_pars[4](2)      4.99222      103.964
log_fbar[1]     -2.35076     -138.346
log_fbar[2]     -13.6445   -0.0572922
log_fbar[3]     -11.5315     0.259045
log_fdev[1](1)    -0.637622      4.89326
log_fdev[1](2)     -2.66107     0.910136
log_fdev[1](3)      -3.3432      11.7311
log_fdev[1](4)     0.565918     -2.64118
log_fdev[1](5)      1.11999      5.96108
log_fdev[1](6)      1.90541      2.75162
log_fdev[1](7)       1.9322       11.014
log_fdev[1](8)      2.05217      12.7584
log_fdev[1](9)      1.64883       6.8754
log_fdev[1](10)     0.880402     -13.6946
log_fdev[1](11)     0.345652     -9.27206
log_fdev[1](12)    -0.203744     -14.7648
log_fdev[1](13)    -0.225733     -14.6832
log_fdev[1](14)     0.162554      -8.6999
log_fdev[1](15)   -0.0259013     -14.2576
log_fdev[1](16)    0.0183266     -18.0976
log_fdev[1](17)     0.235646     -11.3116
log_fdev[1](18)   -0.0176423      -10.886
log_fdev[1](19)     0.242294      -4.4363
log_fdev[1](20)     0.329695     -16.0637
log_fdev[1](21)     -0.23303     -11.5234
log_fdev[1](22)     -1.77717     -19.9218
log_fdev[1](23)    -0.742896      -16.365
log_fdev[1](24)   -0.0719981      -10.428
log_fdev[1](25)     -0.11054     -10.1706
log_fdev[1](26)     -1.41625      -9.3388
log_fdev[2](1)      4.12323     0.980869
log_fdev[2](2)      3.54587       1.0046
log_fdev[2](3)      3.18414     0.994375
log_fdev[2](4)       1.6948     0.994336
log_fdev[2](5)      2.41365      1.01549
log_fdev[2](6)     -6.49754      1.02597
log_fdev[2](7)     -6.39442      1.04507
log_fdev[2](8)     -6.10694      1.05555
log_fdev[2](9)     -6.01929      1.01681
log_fdev[2](10)     -5.91764      1.02569
log_fdev[2](11)      -5.7265       1.0418
log_fdev[2](12)      3.63272      1.06516
log_fdev[2](13)      4.42775      1.04767
log_fdev[2](14)      2.40572     0.994062
log_fdev[2](15)     -5.10473      1.00729
log_fdev[2](16)      8.31193      4.74815
log_fdev[2](17)     0.158236      1.03887
log_fdev[2](18)      1.75154      1.04131
log_fdev[2](19)       2.5722      1.03167
log_fdev[2](20)      2.08807       1.0077
log_fdev[2](21)      1.55442      1.02235
log_fdev[2](22)       2.9648      1.04943
log_fdev[2](23)      2.06008      1.06595
log_fdev[2](24)     -5.08798      1.05352
log_fdev[3](1)     -2.27658      1.46457
log_fdev[3](2)      1.64685      1.49998
log_fdev[3](3)     -8.48712      1.48769
log_fdev[3](4)     -1.58054      1.49259
log_fdev[3](5)     -1.15218      1.51267
log_fdev[3](6)     -2.41152      1.52544
log_fdev[3](7)    -0.916385      1.54473
log_fdev[3](8)     0.984456       1.5569
log_fdev[3](9)      1.47878      1.51921
log_fdev[3](10)     -7.94089      1.52506
log_fdev[3](11)      1.31507      1.54393
log_fdev[3](12)      1.02675      1.55824
log_fdev[3](13)      2.52284      1.53775
log_fdev[3](14)      2.32944       1.4983
log_fdev[3](15)      1.55754      1.51002
log_fdev[3](16)       1.9948      1.52356
log_fdev[3](17)      7.12268      3.39999
log_fdev[3](18)      2.93147      1.55651
log_fdev[3](19)      3.03257      1.54714
log_fdev[3](20)      3.35132      1.52942
log_fdev[3](21)     0.713105      1.52223
log_fdev[3](22)     -7.74488      1.54464
log_fdev[3](23)     0.443597      1.56479
log_fdev[3](24)      0.10472      1.55364
rec_ini(1)     0.904556      31.7663
rec_ini(2)     0.395979     -46.1252
rec_ini(3)     -1.30053      37.6257
rec_dev(1979)      1.11097      67.9484
rec_dev(1980)     0.221177      11.5444
rec_dev(1981)    -0.133998     -15.1576
rec_dev(1982)    -0.971994     -32.8308
rec_dev(1983)     -1.25854     -49.6812
rec_dev(1984)    -0.630399      -138.13
rec_dev(1985)    -0.155261     -88.6503
rec_dev(1986)    0.0393127     -90.9987
rec_dev(1987)     0.514795     -93.1703
rec_dev(1988)     0.798651     -93.8349
rec_dev(1989)     0.566895      -88.237
rec_dev(1990)     0.731785     -130.031
rec_dev(1991)     0.781672     -75.0618
rec_dev(1992)     0.911989     -99.4534
rec_dev(1993)     0.337709      30.6059
rec_dev(1994)     0.878366     -78.2055
rec_dev(1995)      1.15929     -23.3134
rec_dev(1996)    0.0739412       120.18
rec_dev(1997)    0.0620462      96.7199
rec_dev(1998)     0.597805      90.0508
rec_dev(1999)    -0.240366      140.937
rec_dev(2000)    -0.334419      75.6453
rec_dev(2001)     -1.29799      55.1939
rec_dev(2002)     -1.76164      62.0958
rec_dev(2003)     -1.34488      51.6392
rec_dev(2004)     0.280584      75.0424
rec_dev(2005)     0.148962      40.6581
rec_dev(2006)     0.643849       -145.3
rec_dev(2007)     0.676004     -95.3684
rec_dev(2008)     0.264737     -59.1293
rec_dev(2009)     0.333114     -54.1527
rec_dev(2010)     0.180858      145.517
rec_dev(2011)    -0.305064      35.7703
rec_dev(2012)    -0.555265      184.273
rec_dev(2013)     -1.28821      94.2847
rec_dev(2014)     -1.03648      102.666
m_dev(1979)  -0.00203386      419.969
m_dev(1980)  -0.00043263      496.541
m_dev(1981) -0.000856231      469.546
m_dev(1982)    -0.002506      373.595
m_dev(1983)  -0.00195992       378.25
m_dev(1984)  -0.00329406      295.184
m_dev(1985)  -0.00509452       189.58
m_dev(1986)  -0.00336865      237.999
m_dev(1987)  -0.00340311      193.448
m_dev(1988)  -0.00562364      44.9475
m_dev(1989)   -0.0030563      120.136
m_dev(1990)  -0.00618349     -74.9475
m_dev(1991)  -0.00344273      6.80129
m_dev(1992)  -0.00187353      27.5804
m_dev(1993)  -0.00186273     -25.9612
m_dev(1994)  -0.00159602      -66.323
m_dev(1995)  -0.00066337       -64.97
m_dev(1996)   0.00111946     -35.6388
m_dev(1997)   0.00217168     -41.3293
m_dev(1998)   0.00367934     -7.88702
m_dev(1999)  0.000925075     -142.188
m_dev(2000)  0.000308607     -180.421
m_dev(2001)   0.00222451     -99.8148
m_dev(2002)   0.00126144     -135.653
m_dev(2003)   0.00300889     -47.2168
m_dev(2004)   0.00183778      -96.086
m_dev(2005)   0.00259582     -73.8834
m_dev(2006)   0.00159048     -137.185
m_dev(2007)  0.000620622     -202.244
m_dev(2008)  0.000568817     -234.398
m_dev(2009)   0.00253159     -189.384
m_dev(2010)   0.00110116     -307.747
m_dev(2011)   0.00244307     -294.191
m_dev(2012)   0.00366751     -265.052
m_dev(2013)   0.00283812      -323.87
m_dev(2014)   0.00544908     -221.478
m_dev(2015)   0.00730773     -142.348
