# ny
38
# na
6
# nyt
13
# nyp
4
# nyw
27
# nyf
1
# nyo
8
# scy
17 33
# scp
29
# slm
78.5
# slt
10
# M
0.18
# ms
3.6
# spcv
0.34
# maxss
20
# maxsc
10
# efnt
0.5
# efnw
0.1
# lg
0 0 0.27 0.97 0.99 1
# gr
0 0.33 0.67 0 0 0
0 0 0.56 0.44 0 0
0 0 0 0.76 0.24 0
0 0 0 0.18 0.61 0.21
0 0 0 0 0.33 0.67
0 0 0 0 0 1
# it
1 4 7 10 13 16 21 24 27 31 33 35 36
# tt
4247.462 1417.215 2791.733 2306.321 2263.353 3132.508 1264.691 2276.095 1747.581 2549.726 2707.083 2041.02 2701.708
# pct
1 0.688 1 1 1 1 1 0.333 0.75 0.45 0.75 0.33 0.59
# yt
0.1808 0.0877 0.1918 0.2329 0.1479 0.1534 0.2027 0.0904 0.0877 0.0877 0.09 0.093 0.082
# st
1311 133 256 311 306 250 196 274 230 208 242 68 320
# cv1
0.21 0.552 0.211 0.242 0.238 0.452 0.415 0.219 0.159 0.373 0.173 0.451 0.168
# cv2
0.218 0.456 0.278 0.218 0.339 0.267 0.307 0.164 0.117 0.161 0.164 0.488 0.135
# cv3
0.311 0.204 0.289 0.254 0.288 0.428 0.317 0.194 0.125 0.288 0.164 0.455 0.133
# ip
5 6 7 10
# tp
2092.303 2153.407 1140.582 2320.381
# yp
0.0247 0.0164 0.0356 0.0192
# sp
3619 4588 6354 9900
# iw
7 8 9 10 11 12 14 15 16 18 20 21 22 23 24 25 27 28 29 30 31 32 33 34 35 36 37
# sw
243 2520 1655 773 568 144 492 2072 1281 181 776 1582 399 882 1308 575 832 826 286 406 512 160 3482 526 581 597 600
# ipre
20
# spre
1783
# sc
0 1549 389 1660 1068 1748 1093 802 963 2691 1138 1542 1522 2595 1289 0 2566 1813 404 1174 787 1198 1055 561 17213 20030 5198 5220 9605 5360 6707 6125 5766 6026 5902 2552 5056 6072
# tc
0 195.877 660.829 970.962 329.778 376.313 63.949 132.205 139.759 146.669 162.438 103.338 76.148 79.116 59.132 0 24.902 115.913 108.824 105.967 74.752 32.606 10.661 8.734 111.728 98.321 86.666 93.638 120.289 138.926 150.358 110.344 143.337 143.485 149.822 141.626 161.113 130.603
# te
0 5457 10817 34773 11199 33745 11230 11195 9706 13209 4284 10258 2350 5149 3172 0 5746 7063 11729 18782 10453 2982 1639 1630 6345 11928 6491 8494 8066 8867 8695 9118 8721 11934 9698 6808 10041 15058
# stcpue
0 1.554289 3.008314 1.603902 1.973486 0.6578625 0.1230181 1.095869 1.166699 0.4213328 1.280173 0.7445726 1.762301 2.024043 1.450033 0 0.3143641 1.003621 0.8801098 0.4686025 0.5386662 0.9239759 0.8697134 0.8851814 1.292358 0.6661004 1.269664 0.914975 1.343381 1.27345 1.361853 1.079227 1.412912 0.881777 1.261102 1.684854 1.342452 0.705618
# stcpuese
0 0.3565408 0.2317215 0.221858 0.2674207 0.1860786 0.2578116 0.226529 0.2351774 0.2168823 0.4368355 0.3320807 0.7214699 0.3429273 0.4267036 0 0.3255758 0.09723257 0.05834549 0.05101997 0.07612313 0.09926762 0.1311215 0.121162 0.06236081 0.04841154 0.06168888 0.04897732 0.05067519 0.04864248 0.04863201 0.05050379 0.05023758 0.0437866 0.04581535 0.05550524 0.04589259 0.04133652
# ys
0 0.03 0.03 0.063 0.063 0.093 0.14 0.093 0.107 0.132 0.153 0.118 0.115 0.096 0.099 0 0.093 0.09 0.044 0.066 0.096 0.101 0.088 0.101 0.11 0.085 0.074 0.079 0.063 0.071 0.09 0.063 0.063 0.1 0.096 0.038 0.077 0.107
# io
12 13 14 15 17 19 37 38
# so
1076 712 911 459 515 726 738 1722
# twc
0 0 9.625 0.221 0.022 0 0.017 0.549 0.856 1.168 2.168 1.04 0.425 0.403 3.626 3.8 7.478 1.788 5.753 7.538 1.778 0.083 0.984 2.714 3.045 1.098 2.591 6.853 0.522 2.121 0.075 3.313 5.796 4.951 4.834 3.365 9.157 22.639
# tws
0 0 12.506 0.224 0.213 0.36 1.288 10.432 11.22 8.377 7.052 5.772 2.724 6.126 12.152 7.366 11.736 1.097 4.113 5.426 1.679 0.745 8.622 7.533 5.723 0.256 2.177 4.14 1.181 3.973 1.239 10.69 9.485 4.752 7.044 6.64 7.311 7.622
# twst
0 0 0 0 0 0 0 0 15.923 10.757 10.751 7.406 3.573 7.945 16.635 9.295 15.051 1.193 4.894 7.777 2.936 1.617 20.327 10.651 9.816 0.366 5.119 9.052 1.775 6.484 2.083 21.444 18.621 6.971 9.004 9.183 11.341 21.524
# ont
0.0214 0.015 0.0898 0.119 0.2255 0.0967 0.2959 0.0109 0.1261 0.3235 0.1743 0.1202 0.1282051
0.1053 0.0075 0.2031 0.2122 0.1405 0.0223 0.1786 0.1058 0.1435 0.2614 0.2407 0.1366 0.0989011
0.1915 0.0301 0.2891 0.1865 0.1536 0.0372 0.1224 0.2993 0.1565 0.1405 0.1286 0.2077 0.1282051
0.3455 0.0752 0.2109 0.1768 0.1275 0.0743 0.0816 0.2701 0.0304 0.0752 0.112 0.1257 0.2051282
0.1831 0.0827 0.0352 0.0643 0.0686 0.0409 0.0051 0.1314 0.0348 0.0458 0.0332 0.1093 0.1611722
0.029 0.0602 0.0078 0.0193 0.0392 0.0223 0.0153 0.0401 0.0348 0.0294 0.029 0.0437 0.04761905
# oot
0.0046 0 0 0 0 0.0706 0.0051 0 0.0304 0 0.0083 0.0109 0.003663004
0.0114 0.0075 0.0156 0 0.0065 0.0297 0.0357 0.0036 0.0739 0 0.0498 0.0328 0.01465201
0.0252 0.0301 0.0195 0.0193 0.0131 0.0967 0.0459 0.0292 0.1087 0.0196 0.0705 0.082 0.02564103
0.032 0.1203 0.043 0.0514 0.0392 0.197 0.0612 0.0511 0.0957 0.0458 0.0954 0.071 0.0989011
0.0366 0.3835 0.0234 0.0868 0.0882 0.1747 0.0612 0.0401 0.0913 0.0458 0.0125 0.0383 0.05128205
0.0145 0.188 0.0625 0.0643 0.098 0.1375 0.0918 0.0182 0.0739 0.0131 0.0456 0.0219 0.03663004
# onp
0.028778 0.209508 0.167842 0.147081
0.024096 0.189895 0.221962 0.208838
0.044381 0.069934 0.271661 0.246726
0.095906 0.064193 0.119022 0.138506
0.228591 0.084455 0.041132 0.135635
0.457458 0.23983 0.112917 0.064399
# oop
0 0 0 0
0 0 0 0
0.000275 0.001039 0.002511 0.006326
0.007187 0.004835 0.014461 0.028302
0.050583 0.033935 0.015673 0.02017
0.062745 0.102376 0.032819 0.004017
# onw
0.1481 0.0855 0.1638 0.0932 0.1276 0.0556 0.1341 0.0495 0.0125 0.0055 0.0588 0.1214 0.2297 0.1395 0.0192 0.0885 0.3136 0.0994 0.0175 0.0741 0.1406 0.1486 0.1898 0.0706 0.047 0.0786 0.1155
0.3374 0.2824 0.2626 0.2589 0.1831 0.1597 0.1514 0.2075 0.0921 0.0331 0.08 0.1835 0.2351 0.4136 0.1168 0.1062 0.2763 0.2236 0.1643 0.1407 0.2266 0.2095 0.3219 0.1336 0.1357 0.1368 0.23404
0.3169 0.2854 0.2291 0.3618 0.2553 0.1944 0.1352 0.2616 0.2857 0.0552 0.0988 0.1733 0.1189 0.2653 0.3566 0.1646 0.1761 0.2994 0.2622 0.1827 0.209 0.3784 0.1703 0.3511 0.2157 0.2103 0.19453
0.1029 0.2155 0.1502 0.1586 0.2025 0.0694 0.1941 0.1795 0.2678 0.1271 0.2576 0.1022 0.1568 0.0544 0.3605 0.3345 0.0681 0.1801 0.3462 0.2173 0.1563 0.1419 0.1479 0.2023 0.2452 0.1744 0.12462
0.0288 0.0706 0.0601 0.057 0.0863 0.0417 0.1758 0.1221 0.096 0.116 0.2341 0.0599 0.1216 0.0236 0.0838 0.1788 0.0668 0.0559 0.1119 0.1852 0.0547 0.0473 0.0672 0.084 0.113 0.1333 0.12918
0.0247 0.0085 0.0057 0.0097 0.0132 0 0.0346 0.0726 0.0109 0.0276 0.0847 0.0265 0.0676 0.0034 0.0154 0.0372 0.0501 0.0261 0.0105 0.0765 0.0215 0 0.0083 0.0134 0.0191 0.0513 0.04559
# oow
0 0 0 0 0 0 0 0 0 0 0 0 0 0 0 0 0 0 0 0 0 0 0 0 0 0 0.00304
0 0 0 0 0 0 0 0 0 0 0 0 0 0 0 0 0 0 0 0 0 0 0 0 0 0.012 0.00304
0.0041 0.004 0.0178 0.0065 0.015 0.0417 0.002 0.001 0.0039 0.0166 0.0035 0.0181 0 0.0238 0.01 0.0018 0.0077 0.0224 0.0175 0.0025 0.0176 0.0068 0.0359 0.0019 0.0591 0.0325 0.00912
0.0082 0.0194 0.065 0.0291 0.0607 0.2986 0.0528 0.0263 0.0265 0.1934 0.0329 0.1214 0.0189 0.0317 0.0223 0.0513 0.0051 0.0273 0.021 0.0395 0.043 0.0203 0.0339 0.0382 0.1009 0.1128 0.05319
0.0082 0.0097 0.0329 0.0239 0.044 0.1111 0.0854 0.056 0.1163 0.2707 0.0718 0.1242 0.027 0.017 0.0069 0.023 0.0154 0.0261 0.014 0.0593 0.0742 0.0405 0.0155 0.0992 0.0539 0.0462 0.05319
0.0206 0.0189 0.0127 0.0013 0.0123 0.0278 0.0346 0.0239 0.0882 0.1547 0.0776 0.0695 0.0243 0.0272 0.0085 0.0142 0.0064 0.0273 0.0245 0.0173 0.0352 0 0.0092 0.0057 0.0104 0.012 0.03495
# onf
0.0987 0.1015 0.1077 0.18 0.2322 0.1828
# oof
0 0 0.0062 0.0174 0.037 0.0365
# onc
0 0 0 0 0 0 0 0 0 0 0 0 7e-04 0 0 0 0 0 0 0 0 0 0 0 0 0 0 0 0 0 0 0 0 0 0 0 0 0
0 0 0 0 0 0 0 0 0 4e-04 0 0 0 0 0 0 0 0 0 0 0 0 0 0 0 0 0 0 0 0 0 0 0 0 0 0 0 0
0 0.0032 0.0103 0.0253 0.0037 0.0039 0.0421 0.0387 0.0966 0.0643 0.029 0.0166 0.0237 0.0127 0.0147 0 0.0172 0.0142 0.0248 0.0392 0.0318 0.0292 0.0284 0.0026 0.0194 0.0243 0.0442 0.0232 0.0087 0.0022 0.0021 0.0111 0.004683 0.0105 0.0053 0.0043 0.0026 0.0044
0 0.4196 0.1851 0.2325 0.0983 0.0734 0.1921 0.4127 0.4195 0.3122 0.3559 0.1788 0.2004 0.1643 0.1435 0 0.201 0.2312 0.0941 0.2615 0.2236 0.3656 0.2332 0.2434 0.2991 0.2232 0.2341 0.368 0.3811 0.2539 0.1822 0.3574 0.351197 0.3445 0.3855 0.317 0.2421 0.2388
0 0.3422 0.473 0.3831 0.3062 0.1541 0.1647 0.3579 0.2804 0.3716 0.3937 0.2912 0.3003 0.3185 0.3468 0 0.2662 0.3939 0.0817 0.2853 0.2389 0.3414 0.2427 0.2698 0.3917 0.3691 0.2814 0.3197 0.388 0.4709 0.3484 0.3407 0.347555 0.3294 0.3617 0.3969 0.462 0.371
0 0.122 0.3059 0.3217 0.5543 0.509 0.505 0.0973 0.0717 0.1747 0.1353 0.3798 0.2181 0.2148 0.3251 0 0.2244 0.263 0.0891 0.207 0.141 0.1244 0.1071 0.3836 0.1249 0.2781 0.3253 0.1523 0.1395 0.1823 0.199 0.1714 0.066771 0.1339 0.1095 0.1387 0.2067 0.302
# ooc
0 0 0 0 0 0 0 0 0 0 0 0 0 0 0 0 0 0 0 0 0 0 0 0 0 0 0 0 0 0 0 0 0 0 0 0 0 0
0 0 0 0 0 0 0 0 0 0 0 0 0 0 0 0 0 0 0 0 0 0 0 0 0 0 0 0 0 0 0 0 0 0 0 0 0 0
0 0 0 0 0 0 0.0037 0.0037 0.0104 0.0026 0.0018 0.0025 0.0059 0.0042 8e-04 0 0.0027 4e-04 0.0248 0.0077 0.014 0.0033 0.0218 0 0.0028 8e-04 0.0046 0.0011 4e-04 0 3e-04 0.000816 0.001387 0.0012 0.0019 0.002 2e-04 3e-04
0 0.0626 0.0051 0.0253 0.0028 0.0045 0.0128 0.0362 0.0654 0.0334 0.0202 0.0267 0.0644 0.0555 0.0372 0 0.0792 0.0173 0.1881 0.0486 0.1194 0.0559 0.1118 0 0.0531 0.0241 0.0282 0.0218 0.0255 0.0205 0.0498 0.024653 0.08949 0.0768 0.0546 0.0611 0.0259 0.014
0 0.04 0.0103 6e-04 0.0112 0.0504 0.022 0.01 0.0488 0.0312 0.0378 0.065 0.0972 0.1215 0.0737 0 0.1292 0.0437 0.25 0.0741 0.136 0.0417 0.1431 0.0423 0.0654 0.0497 0.0419 0.0465 0.0347 0.0451 0.1375 0.057306 0.092785 0.0795 0.0546 0.0588 0.0423 0.0422
0 0.0103 0.0103 0.0114 0.0234 0.2046 0.0576 0.0436 0.0073 0.0097 0.0264 0.0393 0.0894 0.1084 0.0582 0 0.08 0.0362 0.2475 0.0767 0.0953 0.0384 0.1118 0.0582 0.0436 0.0304 0.0402 0.0674 0.0221 0.025 0.0807 0.036571 0.046133 0.0242 0.0271 0.0212 0.0182 0.0272
# ono
0.2026 0.052 0.2492 0.2702 0.2175 0.1556 0.1396 0.4379
0.3625 0.184 0.3392 0.3203 0.3592 0.303 0.2398 0.2352
0.3522 0.4831 0.2371 0.3028 0.332 0.1736 0.4106 0.252
0.0344 0.139 0.0274 0.0414 0.0369 0.0262 0.1314 0.0639
0 0 0 0 0 0 0.0122 0.0029
0 0 0 0 0 0 0 0.0012
# ooo
0 0 0 0 0 0 0.0027 6e-04
0 0 0 0 0 0 0.0027 6e-04
0.0437 0.0969 0.1196 0.0588 0.0447 0.2824 0.0298 0.0035
0.0046 0.0449 0.0274 0.0065 0.0097 0.0592 0.0285 0.0012
0 0 0 0 0 0 0.0014 6e-04
0 0 0 0 0 0 0.0014 6e-04
# wm
0.854 1.21 1.652 2.187 2.825 3.697
# hm
0.2 0.2
# SDRec
0.5
# log_initp
8
# initp_phase
1
# qtno_phase
1
# M_phase
-1
# ms_phase
-1
# lamc
1
